HMM
['In Progress', 'Awaiting Assignment', 'Resolved', 'Assigned', 'Closed', 'Wait - User', 'Wait - Implementation', 'Wait', 'Wait - Vendor', 'In Call', 'Wait - Customer', 'Unmatched', 'Cancelled']
[[0.822076188936598, 0.17566960728143102, 0.00021709866372896286, 0.00018952506516774272, 2.164457728750884e-204, 0.0014785636222552682, 6.836918244602646e-211, 0.0001853521857415247, 0.00018366424507637426, 5.922954289312827e-179, 4.410288579265405e-214, 0.0, 1.6773789103271228e-220], [0.9999071923671873, 2.7036055176040516e-20, 1.6747072487143626e-61, 9.280763281175719e-05, 2.9221993592714967e-65, 9.602680141554508e-17, 4.777755939978104e-110, 1.388855515787298e-27, 7.82964425173339e-43, 1.0932141199703596e-151, 6.486802325874036e-113, 1.349956177e-315, 6.351232559737587e-158], [0.0012017068893194719, 0.6677710422432912, 1.0669250298277641e-08, 0.3283655147585712, 7.559774316383623e-145, 4.6905275321928435e-07, 1.1310762279897927e-07, 0.002551923301454309, 3.8286277128560317e-22, 2.86272394950057e-24, 2.1470360208232323e-25, 1.7485738717854954e-121, 0.00010921997773695589], [3.467288403695572e-14, 0.7265474536109862, 0.00171706421344718, 6.868756567949707e-07, 4.070926282162661e-207, 1.4629896067494622e-06, 5.932986023739358e-19, 2.4363128287142323e-05, 1.0079954093904783e-20, 0.27170896918197923, 4.654249620298902e-28, 1.4083454877801036e-260, 5.473276654007842e-163], [0.0013543196328661825, 0.00014473774239335947, 1.690226903297108e-08, 3.9533173716703096e-10, 5.500385519996246e-181, 0.6372640424702036, 0.07225202476887127, 0.23198962658465755, 0.039678421100973256, 2.0554695869833726e-20, 0.017302626984903653, 0.0, 1.4183417530076637e-05], [0.9815443429514529, 0.016241983476990168, 4.74243167487941e-13, 2.0241254367721163e-130, 0.0002221763847864442, 0.001991497186294362, 3.405801176583578e-79, 1.3277978850798438e-16, 2.7025396146671326e-18, 2.2301937890297223e-89, 6.583697188235846e-70, 0.0, 1.7084515612700357e-104], [0.8897726426828347, 8.484445392816524e-31, 3.849329625642519e-33, 1.8576907379936127e-26, 9.32863117484932e-72, 0.08703528571483715, 0.011011672344434498, 8.938270257592308e-18, 0.01218039925784386, 4.857061220684162e-136, 4.7739445125772864e-14, 6.772660243339612e-231, 6.645010574447888e-129], [7.91675176332675e-06, 2.803420407555505e-20, 1.6517079096205337e-125, 9.12110745174602e-47, 0.9992827038899885, 0.0, 0.0, 7.768171e-317, 3.180024e-318, 0.0, 0.0, 0.0007093793582464092, 0.0], [1.9395430235707082e-114, 1.0627867011089393e-108, 1.0, 9.666449608572068e-113, 1.7164064403160357e-248, 3.072140687287554e-110, 1.2670750361295385e-112, 3.6581285078237e-116, 1.5297978341133154e-115, 3.051011757185396e-29, 7.656905942323191e-115, 0.0, 1.9569619752185954e-27]]
HMM_random_9_states
[1.0, 0.0, 0.0, 0.0, 0.0, 0.0, 0.0, 0.0, 0.0]
[[0.05824876517540477, 0.2084078647059487, 0.0024797892405596573, 0.007981705445801346, 0.0006040285018063883, 0.7040693149619223, 0.017502328164073367, 2.933696000516351e-06, 0.00070327010848236], [0.0002750330537519595, 0.02017140344694052, 0.5342055253119776, 0.0002889099276674384, 0.3082010354931201, 4.223771254660242e-06, 0.003243652559369497, 4.355109745159813e-260, 0.13361021643591875], [0.0014354390170764157, 0.9481379783388856, 0.04373433127105668, 4.298258908469294e-11, 6.993309523564607e-50, 7.576934673913383e-06, 0.004035810176682074, 3.9350566592601426e-258, 0.0026488642186441], [0.023140833697987688, 0.9145257113894314, 2.0811248552338187e-05, 0.05094831076842658, 1.3701169820467696e-30, 7.962963595750542e-07, 0.009922101986560693, 4.409104929823504e-58, 0.0014414346126777134], [0.0007087371491519655, 0.05439164751762113, 0.22010118986772917, 2.8326070672070956e-09, 0.10589466866388425, 0.0804044524449894, 0.261932600191187, 4.574631754810403e-261, 0.27656670133282957], [3.2010761230270113e-21, 0.00012226229445003127, 0.0008863638729332882, 0.8179807320544004, 0.07943160478267433, 0.01763471525382932, 1.8272007607969387e-18, 6.871578573077512e-283, 0.08394432174171326], [0.0018854838917851, 0.012727265907994046, 0.03314663208487006, 0.00010999104136617963, 0.3814909817963623, 0.01363104731582991, 0.006813218927666864, 6.861423920988376e-269, 0.5501953790341247], [0.0764900078470504, 0.21037233381002773, 0.10369959631073512, 0.027322775021899812, 0.016514827176496442, 0.3262106684393663, 0.14553912767311392, 0.07404155546857104, 0.019809108252738575], [0.0009140957373157521, 0.026919071127911347, 0.023502632416634427, 3.9353982423712567e-07, 3.935441853263126e-186, 0.00029406715251251863, 0.005628995612643894, 0.9416334091014786, 0.001107335311674369]]
