HMM
['In Progress', 'Awaiting Assignment', 'Resolved', 'Assigned', 'Closed', 'Wait - User', 'Wait - Implementation', 'Wait', 'Wait - Vendor', 'In Call', 'Wait - Customer', 'Unmatched', 'Cancelled']
[[0.0012608777994255168, 0.48790962496577145, 0.0038302024388963286, 0.2449779736625041, 3.2421575847583388e-134, 0.16227158899081, 0.020026395200226258, 0.0676190595105001, 0.008255085446239171, 7.935366853721403e-22, 0.0037339622533393573, 1.936708039511394e-18, 0.00011522973228613505], [0.9488217764672976, 0.05117822353270737, 3.367044771820506e-23, 2.2901537622633213e-67, 4.540712168574737e-199, 1.3434394343012268e-77, 1.0332804940048409e-141, 3.247136433878901e-90, 1.1375903892724294e-174, 5.476697873842356e-164, 5.311782803227499e-149, 5.559189020902174e-141, 3.9899076837013564e-209], [0.004911238725362673, 2.0485841235825094e-05, 0.4145464385549261, 3.9343521329677023e-07, 0.39478698428228803, 0.12391986133341786, 0.014790006177630733, 0.03312656100237154, 0.009895666659275132, 3.0335254578876144e-51, 0.004002363988277953, 3.4151799439426786e-33, 5.921533194057892e-35], [0.9931668495076512, 0.00683299920750792, 1.5127181549224875e-07, 2.2216279255179451e-128, 2.420785337045673e-117, 1.3022984167382473e-11, 1.6871322338247982e-54, 1.4265397660262374e-26, 1.1224543347190313e-23, 9.927160307520802e-88, 4.984795714968602e-59, 0.0, 1.3880820188160388e-92], [3.662308892812001e-15, 0.6599206379295558, 0.00356183462262981, 5.239389112655403e-13, 6.643720878232273e-123, 0.02720827366808784, 0.002228390635277902, 0.02416235186790817, 0.0017580424969853724, 0.28095220176511665, 1.9969504373705899e-19, 0.0002082670139103869, 9.621035462535714e-78], [0.9879367184413992, 0.00038625247403285676, 0.0023394562032495072, 1.0150569131294676e-31, 5.053849067219145e-146, 0.006910260093606482, 0.0007061618899915379, 0.0005123545702942676, 0.0012087963273309575, 5.0023869318575955e-157, 9.519457387783741e-14, 1.2298956036066478e-183, 1.4145936219054417e-154]]
HMM_random_6_states
[0.004656261704122631, 0.8885305578780311, 0.0010207054544109785, 4.449179944563919e-31, 0.10579247483159239, 1.3184292122231035e-10]
[[0.1318876713022964, 0.00020775492169677846, 0.0028123780748146704, 9.290334802659799e-07, 9.336390419157993e-05, 0.8649979027635175], [0.001075631128213274, 0.030278126632178437, 0.00011848830878112791, 0.8772453822764936, 4.1181771662178174e-22, 0.09128237165433838], [0.02067692264937903, 0.0015512749825017536, 0.9386431275366801, 0.015025272414522653, 0.011683304429927327, 0.012420097986988782], [0.0026335455892945673, 6.128234022155624e-22, 0.13462211222235584, 0.02043100733286765, 0.8423133194297687, 1.5425713217558086e-08], [2.9399284269380553e-08, 0.01918432273828276, 4.957227783037337e-08, 0.07581559831092444, 0.09766772433897944, 0.8073322756402498], [0.6609493909551309, 0.0001248288394746906, 0.3126223176692925, 2.457173205274713e-06, 0.00019892140092921205, 0.026102083961968725]]
