HMM
['In Progress', 'Awaiting Assignment', 'Resolved', 'Assigned', 'Closed', 'Wait - User', 'Wait - Implementation', 'Wait', 'Wait - Vendor', 'In Call', 'Wait - Customer', 'Unmatched', 'Cancelled']
[[1.1709987915753969e-08, 6.175712302207348e-13, 3.031974499219959e-105, 3.7629535033161436e-41, 0.9999999882893953, 0.0, 0.0, 0.0, 0.0, 0.0, 0.0, 3.972771054304658e-79, 0.0], [0.9999974312358737, 2.568764126941757e-06, 2.2998807345179255e-51, 3.2182532135612528e-31, 3.5523765944367044e-208, 4.116350380563739e-31, 2.772434594672616e-74, 1.3029134387971525e-90, 2.0005253411315783e-30, 5.583695552974805e-127, 8.179861347137794e-121, 0.0, 2.204118433110475e-189], [0.006064366780439848, 0.003171039836446549, 8.622712886800598e-18, 1.6712091477640483e-06, 4.63084698071623e-286, 0.6537830372106825, 0.07730261216479196, 0.1982838592467562, 0.043960572734826724, 5.4745480426350115e-33, 0.01719071801399579, 0.0, 0.0002421228029125368], [7.446879829622457e-29, 1.9250899180843118e-25, 1.0, 3.339528160912663e-30, 6.289388046130242e-163, 3.423301904378635e-22, 5.437378700887151e-26, 1.4270463850029953e-29, 1.3372533334922792e-30, 3.7725572489720545e-19, 2.786925895825548e-29, 0.0, 2.7516493089285097e-34], [2.8523538932449967e-141, 1.2833786264677928e-141, 1.0, 2.8895755578659033e-140, 2.120525159196807e-275, 1.9105264468074708e-138, 7.067559596706391e-128, 7.031393254186554e-140, 1.3698156544786631e-136, 2.047966208774695e-33, 2.4178831058133294e-132, 0.0, 1.8690192663229742e-31], [6.598866124028026e-10, 0.5707659258023108, 7.832330074880015e-08, 0.2476978103982622, 1.8105931257647277e-268, 0.007978994896788532, 0.0010567028945806275, 0.014077959272623414, 1.0634080828565659e-13, 0.15842252727214423, 4.799956655806239e-10, 0.0, 5.905600130886525e-16], [0.4549220658054317, 0.3571901104799787, 8.123440437042477e-16, 1.8714563583835358e-21, 4.1545161987332336e-268, 0.038845482378768836, 7.010267698711384e-07, 0.14364160235736886, 0.000998864969054156, 0.004401172942770275, 3.98569111364391e-11, 0.0, 4.033817153030034e-31], [1.2124437628837773e-14, 0.03430798250088825, 1.1062442726498124e-188, 0.005934633119229569, 0.9591546325226752, 0.0, 0.0, 0.0, 0.0, 0.0, 0.0, 0.0006027518571960059, 0.0], [3.2994400863537666e-05, 0.9999535736442803, 4.2300366474616306e-24, 4.4206185448806504e-12, 1.1336792873448019e-170, 1.4254776879062726e-34, 2.4830082662081787e-49, 2.0368683541528956e-27, 1.0639401232965693e-42, 1.3431950436760887e-05, 6.450033891246102e-64, 1.0567996823402316e-217, 7.123644488099485e-134], [0.9994032148126928, 8.580159838615416e-05, 4.050545872811037e-56, 0.000505087214521423, 4.639754605147701e-209, 5.896374397579222e-06, 2.25225268849906e-22, 7.01473703563341e-70, 5.301209395713961e-15, 3.2451325581951276e-157, 3.178458487946366e-86, 0.0, 3.242836330611643e-205], [0.9369695428297795, 7.97684838664142e-08, 0.007884312826033945, 0.055146064575702605, 7.512966509058395e-167, 2.3545740724048684e-18, 8.785235605066564e-80, 6.27033731249629e-64, 1.0412396302397406e-47, 4.284940151457263e-65, 1.3626387643106052e-132, 4.624293324200768e-250, 7.544081729113938e-154], [0.9997636076304485, 1.0735116934073354e-05, 5.0909373848209635e-25, 1.3551073172755687e-51, 2.2016749180392652e-277, 2.3939362670382654e-175, 4.9861867787832155e-279, 1.4395758771963107e-205, 1.3599074421249536e-288, 0.0002256572526174661, 7.31668509519e-312, 0.0, 0.0], [0.9759899664630195, 0.006712276748434491, 3.687631489363316e-20, 2.622683979885895e-32, 1.012989135886878e-138, 0.010044395655491643, 0.003611153832353874, 1.1523837686689701e-40, 0.00364220730070293, 2.851001947549896e-137, 1.4582192257205342e-21, 3.5530304983528424e-281, 2.2436188222338844e-107]]
HMM_random_13_states
[0.0, 3.8405444373360853e-32, 0.0016196695198311597, 2.7416317309966765e-11, 0.00019996492680135388, 1.5038777904463636e-07, 0.0007770132466036445, 3.848518856589801e-124, 0.15412619560353405, 1.3947646619985443e-22, 0.008514976151251248, 0.8347620301367833, 2.017210900817308e-21]
[[0.015593069111795685, 0.061174421962812836, 0.023114061415344275, 0.018497943043739633, 0.11554758692783998, 0.09943780097373134, 0.03189538547398571, 0.1426446285506629, 0.13187520036952582, 0.1589899172547449, 0.019406689221502287, 0.04575383755921547, 0.1360694581351005], [1.7122774725699774e-288, 9.284355912931848e-05, 0.05038652667436252, 0.008145202556380968, 0.07524291362640073, 0.7862710525869915, 0.06056346020595813, 5.113851768782131e-122, 0.01929708960900765, 7.908951432511223e-07, 1.1522994736404744e-07, 9.151416992839467e-10, 4.141535783153734e-09], [5.2459120770108e-234, 0.004349624610636351, 0.14054484527377475, 0.009853876750105605, 0.31855253648355086, 0.13086871150820112, 0.00025286372352367054, 5.581749619434353e-117, 0.06294144638411114, 0.12528003439677546, 0.0001783367713023219, 0.0006432640344687853, 0.20653446006355047], [0.21504775442290314, 0.15359797480205742, 3.641990076959922e-127, 4.07562059121342e-31, 0.015877376194418105, 1.388095663369437e-10, 1.0630080235422369e-14, 0.1733433149641067, 0.05034914773974489, 0.0003107207988746019, 0.0277774562791411, 4.424693478556382e-06, 0.3636918299664552], [0.5690786377181429, 0.0026439544399350107, 1.756457669742489e-141, 1.3755609343784566e-36, 1.3300854391765758e-07, 9.467982569839687e-12, 1.0131502577960388e-16, 0.4233093418248766, 0.00034030401215745, 0.0045684051802811244, 5.6448833964624164e-05, 1.1841746871490528e-15, 2.7749726307509436e-06], [1.215048945937243e-83, 0.3512864978897889, 2.631477574409976e-15, 2.6016438727113884e-20, 9.670484818705594e-05, 0.018878140982255938, 1.3910832014280275e-15, 1.6698753172084384e-70, 2.1579994076893456e-08, 0.5956963596481393, 0.0036101030350833953, 9.206518805954482e-06, 0.03042296549774215], [3.0879366578096666e-228, 0.023892424957474866, 0.052968836618166815, 0.00046123908975364105, 0.03894959588657947, 0.0005989374345925527, 0.0008019064245937312, 4.0940388292237435e-116, 0.8823224274127904, 4.1101139111679143e-07, 3.0638235438608245e-09, 4.202993798912818e-16, 4.2181008323043635e-06], [7.607309653770152e-06, 0.6617651930724641, 3.585463080889709e-05, 0.0002900907653597204, 0.004470736106085879, 0.0006631554834292609, 0.002317068194520464, 0.0013684746976647233, 0.0005305460388439155, 0.2591739454923441, 0.02733687249116335, 0.02986803627620643, 0.012172419441454398], [8.9368565e-317, 0.5637945609943966, 5.180703451819506e-16, 1.323428024184319e-26, 2.4239984421859073e-06, 0.0008401349449659309, 7.24988900407575e-05, 1.2815571762722827e-119, 0.09515044257707006, 0.06315387698392892, 0.0032255203986895228, 0.025415252919361288, 0.24834528829310204], [3.2186151302405536e-285, 1.9867796567148347e-07, 0.4854427386004983, 0.0016535041534882333, 0.16908803257310204, 0.2821103659482888, 0.009738416522031619, 2.34493751637157e-119, 0.02598885387735469, 0.00898484808479651, 0.0008569910893232151, 5.00859697018026e-08, 0.016136000387181482], [3.646891557745774e-200, 0.1763616691291838, 0.23492239018868954, 0.08802598937869853, 0.0019280183546453535, 0.05590355856561495, 0.3414748004581285, 4.470877558900027e-120, 0.004593436148817697, 0.004368300828228639, 0.09232071524133065, 0.00010072434882883433, 3.973578344495981e-07], [0.0, 0.8711464838407293, 2.41502400668475e-07, 8.472455009416464e-18, 1.6846866558383396e-46, 5.041662546224435e-26, 0.004453320416467169, 8.327229075094456e-153, 4.5971249094813237e-23, 0.09676048910538228, 0.01701123188039983, 0.01037481352983264, 0.00025341972478877496], [9.407182997608863e-245, 0.010581806125382792, 0.20612935862759987, 0.03357249326184562, 0.536198724731231, 4.0117546611671415e-05, 0.00028077148029965164, 2.372712371266235e-118, 0.2067705031140574, 0.0056210548437713, 2.0681983448016297e-08, 8.325830971670194e-09, 0.0008051412613869412]]
