HMM
['In Progress', 'Awaiting Assignment', 'Resolved', 'Assigned', 'Closed', 'Wait - User', 'Wait - Implementation', 'Wait', 'Wait - Vendor', 'In Call', 'Wait - Customer', 'Unmatched', 'Cancelled']
[[0.9990894576323369, 1.8465949021729304e-68, 4.4732606399524404e-35, 2.9269750711840214e-41, 3.741091797897456e-198, 2.9986859902869956e-16, 1.9167166025038763e-09, 0.0009105404509460943, 1.3682894427911304e-31, 2.56155484026602e-203, 3.164741174696436e-70, 0.0, 8.596504477905735e-230], [0.9902259966218293, 0.009772601815817648, 2.970468242710682e-20, 8.000636523833233e-16, 1.4548077721080668e-113, 2.4753603019636952e-11, 1.4013950398857662e-06, 1.2164748651639671e-23, 1.4255634011169063e-10, 6.771388498814333e-150, 1.424684738622831e-36, 6.310656597019871e-277, 1.3286801068710963e-178], [2.2382430507385304e-10, 3.30485611878102e-07, 1.731891736977036e-15, 4.8281996190609285e-32, 2.3323417692309098e-268, 0.05445270296521911, 0.006482960869389011, 0.0446703009919567, 2.441148076014171e-21, 0.8928722629075786, 0.0008595644162794968, 0.0, 0.0006618771401368015], [0.9999999986827942, 1.3159483524072669e-09, 3.778559319512843e-47, 1.2570990984569907e-12, 1.9676165238630478e-200, 4.984529739864404e-30, 1.593494124473705e-38, 1.1274285697065583e-49, 3.558212664026834e-35, 1.6709330759969512e-175, 2.116601491426592e-114, 0.0, 4.422180872343898e-173], [1.5173376357361163e-22, 0.00017145313259991517, 7.80286369472657e-130, 5.8378941595671735e-25, 0.9995659868498403, 0.0, 0.0, 0.0, 0.0, 0.0, 0.0, 0.0002625600175597164, 0.0], [0.0010072628927754812, 0.8566097957307923, 5.416217697797035e-06, 0.14109130462846634, 1.0764422296397325e-183, 2.7206342084204285e-07, 2.9171385374013306e-05, 0.0007370860479632763, 0.0005196910335088912, 2.8177563260590053e-42, 1.5725410140233864e-25, 8.461989416338593e-160, 1.9705687700079094e-51], [0.9952711671128596, 0.004728832887141999, 9.176324221343071e-39, 6.442375923146531e-98, 1.6260690258662503e-222, 5.128572219292775e-168, 3.82995804498823e-248, 4.560437729007393e-127, 5.265355655242914e-275, 8.633127084252689e-25, 9.319177495222746e-301, 0.0, 4.622379795290266e-292], [0.07445817699584248, 4.768158692136455e-05, 7.7036310510876e-13, 0.006650142471499891, 1.9432321250437617e-284, 0.6635722700656776, 0.12267638376831463, 0.014179364339316854, 0.09565153829592069, 8.497292456447734e-69, 0.02276444247573739, 0.0, 1.7821182204750353e-95], [4.258659706011187e-26, 0.00020148374224914368, 0.0004824099925852701, 0.5699756238515977, 4.393636490387354e-183, 0.31870166585585435, 0.025983913337328465, 0.07192765931937245, 0.008027322164687973, 5.9558786625436846e-36, 0.004699921736323569, 0.0, 5.089696018224304e-63], [3.992297252739208e-110, 6.695811668228261e-98, 0.9999999999991164, 3.4895418931809174e-110, 0.0, 1.7986130804522587e-100, 4.6162880801692604e-98, 5.290111948986827e-105, 4.6301915691622313e-91, 5.106057491354786e-28, 1.3521727866818718e-99, 0.0, 8.836052604484927e-13], [7.568673691529628e-71, 6.828247041741724e-75, 1.0, 9.07833589042438e-78, 0.0, 3.7498069533928794e-72, 3.450671281942978e-79, 3.605398604967957e-76, 2.2164126311846604e-74, 8.351331192050641e-48, 8.932915657827749e-57, 0.0, 4.709828639362612e-43], [2.839342518860864e-05, 6.158018029672454e-08, 4.721493465133144e-19, 9.833295971571399e-17, 0.0, 0.1643105848280374, 0.09289202235522005, 0.7135785020629919, 0.023581258344004572, 7.78029662179791e-60, 0.005609177404378866, 0.0, 9.76524221401896e-81], [0.9999998294040979, 1.70595903244812e-07, 2.02735405659555e-23, 1.2170989491217386e-108, 2.801778247323128e-290, 3.1377296803073353e-47, 1.281156110329513e-130, 9.176022694697202e-36, 1.9014654577527485e-83, 1.0487053512606145e-153, 4.5790777802402684e-157, 0.0, 3.322445921967242e-122], [1.8753258630100724e-157, 2.0889699652983346e-161, 1.0, 9.072624735427523e-158, 1.2173110338937379e-266, 8.699742802257972e-159, 1.1925436556042074e-138, 1.3550111206345658e-163, 2.1069511594755235e-152, 1.592858777005347e-64, 2.4581795569581006e-159, 0.0, 1.227504281156442e-58], [0.9937888667180149, 0.004165427857204975, 8.446183450395923e-11, 0.0020457052906913734, 1.2741055375214577e-172, 4.96287828379686e-11, 1.4190856599145938e-47, 5.706987395268216e-17, 1.225655423537247e-37, 3.6152682669357516e-183, 1.278331774727828e-144, 1.589624189659754e-237, 8.562482041312869e-172], [1.1401083991739617e-05, 0.01690259521003969, 2.0004826891217916e-20, 1.1212358291933078e-21, 5.0903684513622345e-276, 0.8678538221474716, 0.04287106562608, 0.010677214850488365, 0.03940891146244889, 1.0221276690686296e-62, 0.022274989619478856, 0.0, 6.837778234846662e-86], [0.020024214535064845, 0.9790513665830445, 7.025082269373116e-07, 4.4541126841371586e-05, 5.1878201430286346e-219, 2.1297136130367175e-18, 8.128288041698452e-36, 0.0008791752468234563, 1.6428565528110608e-28, 5.519472883582108e-25, 2.852819309915008e-40, 0.0, 3.438248519495605e-46]]
HMM_random_17_states
[1.1989048269985813e-28, 8.008479520603499e-11, 0.00019873900560895283, 1.4836618252988572e-40, 2.1603341676107972e-276, 0.0021412993375132, 0.8428972055623408, 0.002081016219401208, 1.3964672319008999e-77, 2.657685562797113e-17, 0.0003970756463152829, 0.00019766150346920517, 8.239883140310395e-53, 1.3725487535329603e-15, 2.6967216178990415e-06, 3.0585790484110874e-14, 0.15208430592361685]
[[0.0012282949042875962, 0.01115452065911361, 4.023432439727574e-16, 0.006413125573801999, 2.2608305076330062e-271, 0.003381451843547064, 8.011545676852875e-30, 0.004967541495068628, 0.3183280413295509, 0.015852516599294566, 0.09997632963794761, 0.09564615231686002, 1.9971352669104306e-13, 0.17968359524739366, 0.0004356620041992207, 0.262931972908331, 7.954804038817652e-07], [6.319037355459428e-15, 4.2302713099455894e-06, 3.145354784133731e-18, 0.09395653761802639, 4.896418643581268e-281, 0.2823900379433431, 2.8440782411709967e-18, 7.811528230822783e-05, 0.0026316225297776954, 0.29615907689353455, 0.04999854733476481, 0.0003300367730310766, 8.064083790858848e-11, 0.22549336833642727, 0.0005436311662727299, 0.010497357328483942, 0.03791743844207013], [0.04931443965965722, 0.21352466880064033, 0.06267202850221876, 0.006440981727371777, 2.081390083020007e-16, 0.006355443217815954, 0.028916417064021753, 0.0014705778945146952, 1.7359157350724428e-05, 0.00028116938685021083, 0.00015099265665350877, 1.1895982637721738e-05, 0.6201026038127482, 0.0004175622143786443, 0.009381088802007527, 0.0004040419668593271, 0.0005387291542699368], [5.424052212204685e-08, 0.002026501179472661, 4.874779528184216e-53, 1.4667599660844963e-06, 1.0191771824568411e-281, 0.5459099264755046, 2.264113212383777e-06, 0.003576996733000733, 0.151958241450127, 0.007362293530026293, 0.016974408192415292, 0.08440301417207327, 5.974625087920337e-17, 0.08461076356993276, 7.480596988158553e-08, 0.10292783849031219, 0.0002461562874627628], [0.04810508854948821, 0.10249537531279802, 0.002567631611095354, 0.27465783220958073, 0.08539359782892669, 0.08758427087832273, 0.06540012849686834, 0.010476157427067527, 0.008174234844451019, 0.003887232548623827, 0.00541619145464103, 0.0010991733518406779, 0.15736665887223428, 0.011952413176076185, 0.0886160744534912, 0.003961935716629361, 0.04284600326785256], [0.02591826680227076, 0.0005386032218769272, 7.007629571444088e-118, 0.8158713326320562, 3.653409364261726e-262, 0.03719675332270605, 1.3547137125673095e-13, 0.0013551877901489988, 3.3390061437761842e-21, 2.545773696417008e-06, 2.831236226167966e-07, 5.992586976117008e-33, 6.641997724632751e-16, 0.0009975458350337688, 0.11749107787938905, 0.0006284036190630231, 1.2722201354460915e-19], [1.2896741684057811e-11, 0.005228399221582566, 7.227406772593843e-126, 0.09158092353968982, 1.1371609312785e-311, 4.768271526430526e-40, 0.005403510022065863, 0.0021893118592888165, 1.3070594246879666e-37, 0.0004110992655794883, 2.2183270562783697e-26, 0.0002881076259613772, 0.8180470912998298, 1.0985900584348196e-24, 0.07331160184434544, 6.172652115451161e-102, 0.0035399553087621305], [2.3378341163439393e-07, 0.04390620387975459, 1.2607302433080962e-59, 0.00047251178547404643, 9.478671678932213e-233, 0.15974766857399264, 3.835855624117616e-15, 0.2952690976102353, 0.014926825242950756, 0.07332093869159285, 0.0010554285417404348, 5.243987048386129e-09, 0.004941958916606774, 0.3253789541409175, 0.0087615691171935, 0.07221376719415654, 4.837277982242383e-06], [0.8167657439429449, 0.09839509306262675, 9.368315727048656e-81, 0.012775066684556838, 3.5873560889779105e-205, 1.722841620083133e-05, 5.5802670304976484e-11, 1.5278861057721844e-09, 0.06873072823944129, 5.418121519667586e-11, 6.523499195731313e-11, 2.76600063397976e-07, 2.3871145140869224e-06, 1.5914356417015968e-09, 0.0033134726451042587, 1.0030655978406483e-18, 9.036477507087611e-15], [1.150794048227402e-05, 0.04968363187959849, 2.337058756154719e-156, 0.027638382509531188, 0.91892235891629, 4.6121732719815196e-07, 4.3687324788914016e-11, 1.5706754632665898e-75, 1.2570150129917185e-122, 7.262711563639266e-07, 3.5970441693262572e-09, 3.0142417490140854e-167, 1.5137780816522638e-12, 0.002775372746558493, 0.0005993864777765567, 2.0740280431173605e-108, 0.00036816839903277724], [3.4676990148074396e-05, 0.007584318067478248, 6.145827273015387e-159, 0.005541218080877117, 0.8395038846391231, 0.14668054394394545, 1.0783039036273415e-22, 1.5536744046579047e-68, 1.9780080293184827e-117, 4.920620782265202e-47, 9.525161063356852e-51, 8.154906359343603e-178, 1.5194426974055326e-12, 1.4047836888744385e-44, 0.0006530856781358837, 2.436759586263674e-118, 2.272598773026692e-06], [0.0026218161648117627, 0.04909068856459004, 3.6812984467566526e-48, 0.13241616379444712, 3.142198316202551e-243, 0.254075327017641, 1.5480392559344204e-11, 0.04377716822538057, 0.07004561774630652, 0.0652016211866362, 0.03470328013964921, 0.08085618458658546, 0.004759648484013214, 0.13510742157381958, 1.4997928492004054e-05, 0.1119549800074024, 0.01537508456474557], [1.9538040054354956e-34, 4.990889452755498e-20, 0.40010103175220985, 0.021272434448529075, 1.1362689273498214e-279, 0.3324714083969178, 1.2640938346103226e-06, 0.00043582904283604113, 1.6249646291776426e-14, 0.07664625055028632, 0.00025329068796013426, 0.019050841657139755, 0.012607204655117358, 0.011265380887361905, 6.084729742582014e-17, 0.01404683957613155, 0.11184822425165951], [1.033778849949378e-09, 4.025875184585595e-06, 9.093517361410867e-148, 0.011993675615317358, 0.9823918539003539, 0.0015534749729709289, 3.365760055019119e-29, 1.2707793920184353e-73, 1.2608191138637577e-122, 9.897277247036659e-17, 7.063201075068093e-20, 1.54643403333649e-158, 9.525820670039794e-14, 1.0234353940286542e-13, 0.004056968602174231, 8.41350320727178e-119, 2.2584537524448472e-14], [8.252197964104116e-10, 0.011400401327610176, 2.2325881872004273e-40, 0.1454549900974953, 7.417004182259758e-282, 0.1381644176195685, 0.0022602381721439323, 0.39498471416092823, 0.011658957513003885, 0.0580769694810223, 0.006835659226466414, 0.11005987226069719, 3.7664977828883203e-10, 0.01744655481577115, 0.0035774990811310026, 0.05275723757143481, 0.04732248747085854], [0.003119301682989479, 0.20335683793704953, 8.056771326087213e-93, 0.031361823374735844, 5.9122280794170214e-269, 0.23889349340240304, 1.330763679333614e-17, 0.006461651715890213, 1.8290815283476898e-07, 0.039838450193736864, 0.04349295992539679, 6.705694826981642e-09, 6.997380334926734e-08, 0.4307259421894236, 0.00018907195483626257, 2.5282321548747626e-05, 0.0025349257143381814], [2.6443181588774825e-07, 0.4793508740039206, 6.836645717156187e-68, 0.3466089064991649, 1.3971985875791434e-244, 0.037937872122047675, 1.556451117995125e-05, 0.003334348803434948, 8.621433120668624e-17, 2.212733664313952e-06, 2.8558753745066133e-09, 4.8595592279429025e-09, 1.5088858820305983e-09, 4.7998952478898265e-06, 0.007309854338615147, 1.787902231490541e-06, 0.12543350553435414]]
