HMM
['In Progress', 'Awaiting Assignment', 'Resolved', 'Assigned', 'Closed', 'Wait - User', 'Wait - Implementation', 'Wait', 'Wait - Vendor', 'In Call', 'Wait - Customer', 'Unmatched', 'Cancelled']
[[0.009556169847536718, 3.9714759121508053e-13, 9.092559626339856e-18, 0.0007209807765826111, 2.371545246840687e-296, 0.3047656402393795, 0.08640964792332588, 0.5740904830973897, 0.0205410924165597, 1.0676003903884847e-36, 0.0039159772627618515, 0.0, 8.436067783792576e-09], [0.9998689192590393, 6.749334313021332e-24, 3.512255015437555e-54, 0.0001310807409612497, 1.6296764405254902e-202, 1.0182433636359194e-36, 1.1078100450456267e-23, 1.0580393230416924e-103, 8.058368829423064e-32, 3.101501281923537e-200, 3.00847256856302e-114, 0.0, 1.0107696930787878e-151], [0.9993066713336588, 2.8425037840940475e-11, 5.238122701891432e-57, 0.000656262798195564, 1.3428471719140243e-214, 9.729430592330832e-07, 3.609289666182631e-05, 9.755113808200655e-99, 5.209257783717813e-20, 5.004739802466652e-184, 2.569698780045167e-115, 0.0, 5.3684016381166044e-182], [0.9998508318782767, 3.9180192836079553e-16, 2.1638143071265913e-51, 3.0412131413248463e-15, 4.702702242448623e-135, 6.782485965035878e-12, 0.00014447070786109011, 2.9761700850872505e-21, 4.697407077042579e-06, 3.3934306644817786e-210, 2.9612355960007743e-64, 2.5278291432716147e-270, 1.871342295189253e-242], [0.0019086272048740903, 0.1635400495048782, 7.797791023818632e-09, 0.7946627603317061, 9.629590941330151e-197, 0.001123665004231025, 0.012750707364314393, 0.020229235848492073, 0.00464097043641318, 3.548165979181494e-100, 0.0011439765072990837, 6.200118155215242e-292, 6.39938876287992e-20], [0.9999999999979613, 2.0364918681866775e-12, 5.880413577125248e-32, 1.1646166940784413e-65, 8.86536089149061e-250, 5.824200833269088e-169, 5.9683473275787126e-238, 9.947178601663296e-136, 1.3941619699425699e-250, 7.161488456705689e-32, 1.9505629922942038e-238, 0.0, 1.383017281815117e-270], [9.281173155350131e-12, 0.9987434008084312, 0.0005771467490790029, 7.397053102606598e-07, 1.767078360459995e-148, 2.657037793807962e-06, 0.0006760061168757143, 4.5467816196144006e-08, 4.105412012296975e-09, 1.600540808011071e-39, 1.172219911330991e-22, 3.885618734845986e-155, 9.343291877844665e-39], [2.130506501098978e-06, 1.3050365758544583e-24, 1.2634437256792272e-108, 1.2877470883320474e-11, 0.9999978694806269, 0.0, 0.0, 0.0, 0.0, 0.0, 0.0, 2.6309001924235064e-96, 0.0], [5.9603187765514495e-127, 3.099125718350253e-126, 1.0, 6.008260523428996e-143, 2.284322385431424e-277, 1.369568892702306e-126, 8.080820341190881e-116, 1.4011697848543934e-131, 1.6193612765266407e-121, 1.3002213184098994e-58, 1.9456621874540507e-119, 0.0, 1.4239895010559755e-33], [9.75475560390585e-14, 1.8857112703493393e-06, 0.020082613238829945, 0.03458333096938396, 3.295447313966519e-184, 0.7675844570115189, 0.035271322600039776, 0.1051642950391359, 0.026390216403543637, 1.3665266976458575e-50, 0.01092187902617877, 0.0, 3.997250828707726e-17], [0.9956733202100417, 0.004326578744248443, 6.6682161459983955e-09, 1.466050671697455e-101, 5e-324, 8.580816964242795e-24, 2.193726271614467e-96, 3.434591652677591e-61, 9.437748869333897e-08, 1.591612382884924e-119, 1.0831833865793587e-123, 0.0, 7.565561778465399e-140], [1.1806347298443492e-18, 0.00229050722095133, 2.5326654116137225e-149, 0.005325385447587858, 0.9918314194340905, 0.0, 0.0, 0.0, 0.0, 0.0, 0.0, 0.0005526878973679958, 0.0], [0.02734901761541481, 1.653441176584304e-06, 4.1385584568274437e-19, 6.626265189489746e-17, 0.0, 0.6847836370571105, 0.07732983828342477, 0.13251367894590527, 0.054997278810090346, 2.071966261448414e-74, 0.022574321192519127, 0.0, 0.0004505746543588623], [0.001690993706680998, 0.9966078225952512, 1.188203623989257e-13, 0.0017011835959503797, 3.954217602114888e-186, 7.924733926912693e-18, 1.6935761761585405e-20, 1.0199864750578699e-10, 8.533534376356298e-23, 6.210840960426533e-35, 4.449398541106046e-35, 4.188089225119439e-222, 4.037562677236261e-53], [8.747881303724108e-32, 0.32300564009218724, 0.0076400375531284195, 3.672299177092435e-08, 9.866910369575699e-278, 3.50502470989635e-07, 1.1756059620989326e-05, 9.244429363987792e-14, 0.0005229285886465668, 0.6688192504808621, 2.021326187546987e-59, 0.0, 5.4211320728750825e-154]]
HMM_random_15_states
[3.673148428483746e-05, 5.866471928082372e-05, 0.00031243688386980165, 4.1041649459718074e-10, 0.0005149440368320741, 0.8416465232560633, 5.698903902340537e-06, 3.2732476969499255e-268, 0.0003923881463455299, 8.407253472611503e-76, 3.697803130521106e-15, 1.2803760771764547e-128, 0.0018022546709528108, 0.1549477571054055, 0.00028260038264298233]
[[0.06468407341507379, 8.942007089980368e-05, 4.585108973639156e-06, 0.10940235401225135, 0.041272753723577714, 0.0013498217498465982, 0.0776787739166562, 1.0734642083137471e-213, 0.057593920433011044, 0.11958508087101587, 0.2604311044458976, 4.94894958676471e-148, 0.11448149880455075, 0.15342661344824648, 2.0558532144321692e-32], [0.009448728709400599, 0.02789841680973469, 0.0010933822533921338, 8.239287919388209e-07, 0.33708504806028533, 1.3305067796319862e-06, 0.21623783130452534, 5.971031340545281e-240, 0.11437993808985315, 0.0018892132072511586, 3.105672572723879e-09, 3.452062113225843e-151, 0.06613446871209257, 0.2258308153122206, 2.7110151887880983e-34], [0.12979300333411636, 0.004824947836674448, 0.015193283651940509, 0.0012055438773084799, 0.1118881337416591, 0.00019637585349594237, 0.096339709933081, 2.68878881981166e-249, 0.1493887786907236, 0.12122983951698299, 3.479688814202435e-08, 6.745467860675116e-153, 0.3115367932402891, 0.05840355552683975, 8.157089430829264e-33], [0.016642380088235157, 0.015447955276114431, 0.0011336578855229763, 0.015831583738002385, 0.01895940023715869, 1.404436218674604e-12, 0.12970118584802615, 2.7229904093128086e-256, 0.4678021063393886, 0.27995774933398415, 6.074896926473459e-08, 1.5364932690997827e-152, 0.04129249793887715, 0.013231422564313986, 1.174729384307215e-18], [1.0931739584192154e-63, 0.08825723379028641, 0.7301380913805751, 0.15546409403799974, 0.02470898384063042, 5.938289725197057e-11, 6.812491949742906e-33, 6.061216648243772e-222, 4.904824923425739e-19, 6.284746130024161e-38, 1.0035313055616401e-14, 7.363155369222932e-156, 0.0014315968911163329, 5.1874316207654287e-36, 1.821632483003376e-68], [0.00204044465899995, 0.0034484400344427417, 0.03559016584493662, 0.0004025976617603532, 0.0006581855615309146, 0.021971365597692413, 1.065593379084473e-17, 1.0377128853698916e-265, 0.00035431094966429684, 3.7490917142989664e-20, 0.9353695328296255, 5.092070866203208e-158, 0.0001638017703988226, 1.1550909440742015e-06, 2.7754984021125094e-26], [1.0313461233099252e-52, 0.7937899565810294, 0.18759278189397854, 0.0006529227036486233, 1.1864040267463418e-36, 1.3236598563122257e-15, 0.017569451665389993, 4.073751464793687e-183, 1.2125708862752893e-05, 2.5857871798807395e-31, 3.6732717975163255e-13, 2.5631292559019374e-149, 5.389236938311014e-10, 0.0003827609077971811, 1.1323722192338259e-35], [0.0009788802172595187, 0.043503433344076185, 0.015343997967298793, 0.03207118989392041, 0.12336601357254282, 0.053321950346381417, 0.09769012245269834, 0.004700311193549354, 0.0397968558892055, 0.028279701661508002, 0.20844010342513764, 0.14837073481362376, 0.044229280266391995, 0.1521149760502452, 0.0077924489061279465], [5.740207756440194e-121, 0.01165697373998764, 0.005507765887347092, 0.00529906874990115, 9.137294101570938e-14, 1.3633679682946741e-16, 0.0123869247854543, 0.5071500192217581, 0.0007115344767412844, 1.0270967457462066e-128, 3.663142491394313e-10, 0.453708280882548, 2.604827381213765e-106, 0.0035794318898559377, 8.809201687627403e-35], [0.004571225440699399, 0.003449886271023529, 0.007812918627214293, 0.8756284079626226, 0.0783752685209326, 1.1608454739173287e-06, 6.724648646129548e-05, 3.7463832383308884e-125, 0.021147196086298052, 0.008882190357835348, 1.4988274319283558e-05, 2.5592169536600027e-113, 1.6848928985666883e-10, 4.9510958629661084e-05, 2.226009109707074e-39], [0.06620527316073238, 0.0032416320634494396, 6.266904872383163e-12, 1.4478013006294367e-22, 0.013137703763401221, 6.903730591655418e-26, 0.14557530651299824, 4.091855417101661e-270, 0.0863032244339612, 0.008394146984079963, 0.021271093719307677, 1.6203007879887303e-149, 0.037929973206356375, 0.17010013325246295, 0.4478415128969815], [1.5058594556819785e-05, 0.42475218999796005, 0.1603534920437426, 0.10439904723641084, 6.961588540086694e-05, 0.060374282700542195, 0.00020438566972946567, 0.00022090774736167342, 0.0067795392940725435, 3.6700788457825584e-05, 0.21811440690681258, 0.010305024487093964, 0.013457024773900185, 0.0008764317691263697, 4.1892104865809156e-05], [2.3116495419408105e-08, 0.00010007572521893713, 0.00010419440263884273, 0.0012964633220546853, 0.056158281753816215, 6.301915937608724e-10, 0.10218151391316697, 2.1579391171521553e-214, 0.5923478837587295, 0.015031032460876972, 2.6568340873953752e-05, 1.7589196373333338e-152, 0.13565637512534542, 0.09709758745058998, 2.243701598089754e-34], [9.184011814661574e-33, 0.5914538726173801, 0.1474132557838081, 0.1306579052224699, 9.163361660658909e-05, 0.004620903676966662, 0.01071320514651986, 8.025231214105571e-265, 0.007697794388705499, 0.0006521790025201395, 6.930486464951731e-13, 4.000683554589993e-153, 0.003431070797984698, 0.1032681797463451, 2.688586217700916e-35], [7.980537512527221e-22, 0.15598719511558762, 0.6997427731570854, 0.07652552561850857, 1.1085379106166816e-14, 0.019044174252792916, 0.008865357699493249, 2.9688562881170254e-26, 2.1616749961956397e-12, 1.95720279691672e-23, 6.002900704289844e-05, 5.827332231348989e-26, 0.0029891518654835635, 0.011650265476433575, 0.02513552780540139]]
