HMM
['In Progress', 'Awaiting Assignment', 'Resolved', 'Assigned', 'Closed', 'Wait - User', 'Wait - Implementation', 'Wait', 'Wait - Vendor', 'In Call', 'Wait - Customer', 'Unmatched', 'Cancelled']
[[0.5621129095296413, 0.37106787280376624, 1.719772803553852e-08, 0.0009211162686910159, 1.7348303243591993e-202, 3.416097147213679e-11, 1.8964704083326931e-16, 0.06589808416601298, 1.07764752763476e-15, 5.3124295999148525e-31, 4.789074272243567e-21, 0.0, 6.12769275336265e-34], [3.1151977139456076e-08, 0.996705120317667, 3.620499463314367e-10, 1.7299091668127666e-05, 8.52005683158894e-148, 9.501249549426934e-10, 0.00040307545323928006, 0.002874472673273148, 7.566981869766057e-26, 1.1595307308724388e-40, 3.305774078713689e-16, 2.851132694869023e-109, 7.73736168963327e-18], [0.9996443044494959, 1.8044503999966062e-05, 1.5924338692875977e-51, 0.0001702639844330388, 6.465021253487732e-189, 6.228819742503778e-13, 0.0001673870614461938, 1.6222563064471102e-138, 9.384689785441214e-31, 6.313754094133718e-147, 1.39853742438896e-142, 2.0049746111434456e-299, 5.047718237696618e-175], [3.10546102017573e-41, 0.3828914833767731, 0.002162276365754163, 0.013221637976618864, 5.4125059893007524e-157, 6.589743120586833e-08, 0.0004179187322403528, 0.002541805014610826, 3.287835481587268e-25, 0.5987648126365736, 1.328815576133955e-87, 0.0, 3.527999378542895e-113], [0.9825774077018945, 0.00023538419052100739, 6.764234021551376e-19, 8.481862591278502e-36, 1.9323086029360024e-157, 0.01433509322137785, 3.1616112358939606e-09, 8.40790227442279e-44, 0.0028521117245945745, 2.560502445782866e-94, 2.6199709845295876e-33, 1.8326862617315625e-264, 1.0998482415868967e-115], [0.0019726598455187096, 7.44822947622255e-09, 1.7360826507983382e-09, 3.04857802557739e-06, 1.628719731014966e-309, 0.6462083686833187, 0.07550868959476141, 0.21682222146114652, 0.04435756049877493, 1.5722558126011962e-33, 0.015127442102539211, 0.0, 5.160656218576217e-11], [2.216973105653346e-10, 0.00018510178406412457, 6.8581360608835185e-118, 0.001972918669353276, 0.996802289843952, 0.0, 0.0, 0.0, 0.0, 0.0, 0.0, 0.0010396894809324136, 0.0], [0.9982525709744424, 1.5227238955100385e-15, 7.8309251237468865e-19, 4.547770851758419e-05, 1.583724205795493e-183, 0.001701353428051911, 5.978889873382367e-07, 6.801760085739114e-55, 2.97053484220689e-23, 1.5994440982620758e-144, 9.794929934592636e-62, 5.979341398950291e-297, 7.731490582575522e-139], [0.9996256786248636, 8.112720385008848e-11, 1.119892768501295e-12, 1.945457079678928e-78, 5.874726678038578e-260, 3.0496662639931733e-05, 1.601395592130795e-102, 3.553432112439952e-114, 0.00011314025811776104, 0.00023068437212708302, 1.556617015948252e-137, 0.0, 5.440380805688959e-169], [5.709515330562936e-122, 1.5231351462396532e-115, 1.0, 3.1279497549131026e-126, 7.522596570075266e-242, 5.697385270345687e-116, 3.04956017021555e-118, 1.0027510212464734e-122, 5.167963021279863e-128, 7.721998907906913e-40, 2.8460852404626717e-118, 0.0, 1.7071980801403012e-22], [0.0017669884573911026, 0.008353884542350472, 1.4329857612251007e-08, 0.9887532169010436, 1.7077410107643964e-164, 2.875778697741766e-10, 0.0005425315703038835, 0.00011759843931292509, 2.5737578333031007e-10, 2.621189025776881e-60, 1.3842632763312497e-09, 1.10152483464013e-183, 0.00046576383052538377], [0.05632777848755654, 0.942579563095627, 3.695552411308795e-21, 1.4700874005616078e-37, 1.0202429964559329e-188, 5.43988119550724e-67, 1.690000842425646e-177, 2.485750264587096e-07, 7.370633537099451e-211, 0.001092409841793534, 1.29008948091006e-215, 1.1433718021579321e-224, 9.260297552825781e-215], [0.9999999999639845, 3.601545500751401e-11, 7.527392780021238e-116, 7.806381135289658e-87, 5.98927729642649e-253, 2.118070794968074e-155, 2.5349215817563703e-243, 4.851420856867474e-150, 2.4017583563056236e-265, 1.083672727055648e-34, 0.0, 0.0, 9.114182793290125e-287]]
HMM_random_13_states
[2.665500751352711e-09, 0.0004239735545251674, 9.951064421910273e-17, 1.0791773892092079e-10, 1.7632661414442669e-09, 0.001987989715359896, 1.1838004764994722e-208, 0.00019283423371447642, 2.41026143752681e-18, 0.00039714057237822656, 0.0006000658790790896, 0.15758618370221755, 0.8388118078060408]
[[0.00960523968358467, 0.9693582643836459, 0.014659038351189318, 4.637475758706066e-21, 0.005715876303268005, 0.0003118397141486447, 2.2064468990897832e-219, 6.402796567093237e-05, 4.3262143343334644e-08, 1.3151820528876218e-08, 4.246923186456556e-17, 0.0002856571845144519, 1.4438234046679638e-14], [1.2174171656696081e-12, 0.028771498850926464, 0.8855101417997003, 9.349258555014523e-31, 0.010024465864472505, 0.000995094428058972, 6.952567247420582e-232, 0.06963343830006262, 1.4077030174805849e-11, 0.005049007508464204, 1.826542039145511e-29, 1.635323254941135e-05, 4.734806173254306e-13], [0.02273148034237859, 0.40782371834490916, 0.004918723445730514, 1.0649096605537414e-21, 0.004652508354610967, 0.20209494030762096, 3.272948824094283e-242, 0.0057295704307226344, 7.004003839183209e-15, 0.11241110108073957, 0.23962553711189286, 1.2135866353142644e-05, 2.8471503398546524e-07], [8.932346895968045e-09, 0.0014925121377689424, 0.5894971654126472, 0.013295374159230747, 0.15788939426713408, 3.710698030609812e-11, 5.50411480029607e-35, 0.23634697624361817, 0.0002010007632721482, 2.7199698410803202e-17, 4.1234539134681126e-25, 0.0010199660547661694, 0.0002576019921112559], [0.030211648029080666, 0.261332437803407, 0.03788928160060293, 5.161125976620082e-08, 0.005398482433010242, 0.012234269501691587, 2.4170775008165726e-233, 5.298678666309915e-09, 1.1708141362862838e-09, 0.6160117292498349, 0.031204188580040523, 0.005717904356354045, 3.6522515331970745e-10], [0.011502321406522357, 0.14832102147722037, 0.0013774881520962137, 6.1575063972462266e-27, 0.13609936343267415, 0.1419932751160476, 4.272641510713789e-232, 0.15474154417454103, 0.044848313234003914, 0.30843051913672936, 0.05268399372671752, 2.1601434450077205e-06, 6.0936531369244705e-15], [0.031097218517952916, 0.0692417211196687, 0.05982363814259886, 0.05425272541898878, 0.322549894901554, 0.00431553929194399, 0.08431872213137447, 0.13531206600811113, 0.14779083614039235, 0.04283392672882157, 0.010525209345057997, 0.012981673317116622, 0.024956828936415956], [0.00395092933406081, 0.04898892932997649, 7.082501155818058e-06, 2.16121476756338e-07, 0.004574540115763761, 0.6276060468452843, 3.753313353423639e-244, 0.01925323237424057, 3.5425670942970737e-14, 0.260881515163914, 0.033849235333557125, 0.0006591580015935522, 0.00022911487894271626], [0.05161150876150219, 0.21541863481052026, 2.5209369336045674e-08, 0.5063802210174735, 0.0034845888318987507, 0.12492565380166118, 4.155403347149613e-241, 3.9550099986971266e-07, 6.934611289985458e-05, 0.0893433476536439, 0.008766276438869229, 1.8611599939644676e-09, 1.9693007455094481e-16], [7.101293980676709e-10, 0.011443569481054048, 0.016090690749922854, 9.691832179595755e-26, 0.010480121239814925, 6.573801261794879e-167, 0.952143270309042, 0.005152939261889685, 3.446927827400984e-08, 0.0009925132031566605, 0.0013516703965337031, 0.0023451897628650885, 4.1631386991447796e-10], [6.217548551562861e-38, 6.018415520821633e-85, 0.3682672455388637, 7.916977896965e-105, 0.004688616033623479, 2.688560022998491e-32, 1.0676583309101934e-217, 0.5906949454185849, 0.001543426277985584, 0.0012981712651437475, 0.03350759546579003, 2.2425708221455134e-59, 8.39189140245687e-15], [0.049068456926670334, 0.0007984842781908077, 0.3902788990581732, 1.185817905602262e-22, 0.4297080020883806, 5.314414098990027e-15, 1.1236629939089676e-235, 3.726002998360707e-07, 2.2008237167876144e-08, 3.227723555694848e-50, 0.0012739624660500883, 0.12126208391098175, 0.007609716663011257], [0.005119201368587955, 8.488526827876933e-52, 0.002107785149537907, 6.9395193707825925e-12, 0.0017192995588085707, 0.0022494446980290588, 9.008316319765858e-244, 0.0009603868314002126, 0.9702845598406064, 0.0004111950215390395, 0.0004557373871584059, 9.28698538309381e-28, 0.01669239013739096]]
