HMM
['In Progress', 'Awaiting Assignment', 'Resolved', 'Assigned', 'Closed', 'Wait - User', 'Wait - Implementation', 'Wait', 'Wait - Vendor', 'In Call', 'Wait - Customer', 'Unmatched', 'Cancelled']
[[0.9764068153600045, 0.02212224300255215, 2.117404932721711e-26, 0.0014709416374421385, 1.8215164340395956e-147, 6.687692243214821e-31, 3.868008856598811e-52, 5.688332276578681e-57, 4.239408657046849e-33, 6.573595489427616e-30, 7.508877263449747e-62, 0.0, 2.5130270687656656e-129], [0.9340198676348196, 6.8818189805178e-19, 4.35322221540876e-20, 5.2163199918989464e-08, 2.0723626861370762e-160, 0.054096852914443626, 0.005156043456532595, 3.77210029375105e-40, 0.006727183831005162, 4.017363305219422e-92, 4.228041949058253e-40, 0.0, 7.791348004022311e-141], [0.0015522839197125706, 0.9967820550521664, 3.1311254041326496e-23, 0.0002666005214450413, 8.630558267420288e-178, 1.6148638523543806e-75, 2.3825426738239075e-114, 4.106033356883461e-44, 8.461605081135828e-114, 0.001399060506675013, 5.647663673816944e-136, 1.0476059085982953e-174, 9.807288308741407e-172], [0.09032033707051426, 7.408467816351054e-08, 4.662403487921963e-21, 4.074280852089796e-24, 0.0, 0.2972961076609482, 0.1120300284893083, 0.4627528826268123, 0.028957838567635397, 2.3071152675802633e-26, 0.008467595747469804, 0.0, 0.00017513575263426484], [0.0011432202158074727, 4.742287021792669e-09, 2.880820707763234e-14, 0.000662917689241743, 0.0, 0.8039924357789202, 0.04931971078170122, 0.0741805005691602, 0.051322215714044876, 4.3611797942108535e-29, 0.019108822527982742, 0.0, 0.000270171980825698], [4.72638405453832e-130, 9.788190227139115e-130, 1.0, 4.89332139446939e-128, 1.2573490733366918e-264, 1.0384514835177119e-129, 2.0775092646339603e-130, 2.783743549228885e-137, 5.132643993913877e-148, 2.8836282290484834e-48, 3.070648570806389e-133, 0.0, 6.181997218210389e-34], [8.10483995650169e-115, 7.353217101236836e-109, 0.9999999999999916, 3.056156308150196e-115, 1.2627672806806e-311, 3.048337928685568e-106, 1.7905994905980727e-110, 6.449115753532336e-109, 1.6859962862805867e-118, 6.471194084522877e-15, 2.2250488533724484e-116, 0.0, 1.996398464466746e-15], [0.989128131299542, 4.404935605069301e-14, 6.770609826679414e-26, 0.010871868700413744, 2.2546568006018875e-156, 3.713235382741186e-92, 1.1672608443329284e-141, 2.0256501226865352e-106, 8.867048824102583e-161, 1.5371789993766683e-22, 3.005329884634662e-159, 8.154425841163388e-217, 1.7450088940178952e-296], [1.1474104699117957e-12, 0.010949462100833146, 3.9148996840763625e-10, 0.5934115766430342, 0.0, 2.245216723113031e-05, 0.005169330961239899, 0.011459104871851863, 8.624079011781019e-11, 0.3789880727769326, 2.5788120840637386e-27, 0.0, 8.034690787699977e-41], [7.496140728238373e-10, 0.9744392946988475, 7.243334879527218e-14, 0.0057695762271897065, 2.5137512945280955e-192, 0.00899897868224387, 0.0005071692176498277, 0.010284835049752262, 3.276957489147637e-23, 1.4537463186835825e-07, 2.326867180531535e-24, 4.9486066982946104e-166, 6.706674856481538e-43], [1.7515089101506735e-20, 1.222449860802699e-07, 1.9127761599273976e-79, 0.0032969408054060482, 0.9956644342802147, 0.0, 0.0, 0.0, 0.0, 0.0, 0.0, 0.001038502669392662, 0.0], [0.9999999999999909, 9.462262983744987e-15, 1.3028312138817952e-39, 9.88910781632242e-18, 1.5769763500449249e-245, 4.703613999296077e-47, 1.0489742201743208e-63, 7.394335249314083e-145, 6.8805613013340995e-53, 3.0082532107903887e-44, 6.147056390809766e-154, 0.0, 1.8240769407059306e-241], [0.9999988131462115, 1.1509082091736285e-07, 8.431855028463262e-44, 3.6108958105293317e-36, 1.9776799787111947e-186, 5.776818271218893e-19, 1.071762967769012e-06, 8.188423920262041e-108, 2.025236199264197e-26, 3.0779625231079224e-106, 1.7857874098219947e-105, 0.0, 2.709308335814434e-237], [0.9535473805299117, 0.04645261947009054, 4.898946421825447e-133, 3.177430118461098e-105, 1.0151849096333736e-267, 6.548963006723574e-185, 1.647554264529754e-240, 4.735214242270669e-173, 1.2221058050629573e-270, 1.0971784069184176e-26, 2.1853355584942604e-261, 2.6548258008209445e-286, 7.111964605174301e-295]]
HMM_random_14_states
[1.7308354886057058e-31, 1.4847879348328095e-20, 0.10949933819241968, 0.0020970321182883127, 8.63244983122349e-10, 0.0003958436061044014, 1.2969816521021036e-06, 0.02218037732866484, 3.233039255811213e-05, 1.0923827240890017e-07, 1.534708357457469e-218, 4.504782991609132e-25, 1.1401410231609015e-30, 0.8657936712787949]
[[0.0008918856276018089, 7.951778849332894e-11, 0.008597950118010907, 4.9244518030741226e-05, 3.2424670756060567e-06, 0.020402662154168336, 0.08871691225398619, 3.246255437766859e-09, 0.007741448244185535, 0.8735951968255693, 3.9921272786012076e-245, 4.708535949036006e-07, 5.378010429042689e-08, 9.298318990326004e-07], [0.0006269992411713555, 0.004127429531427855, 1.6091514946574367e-05, 8.310818223619625e-08, 0.31190618636201684, 0.3332841839495359, 0.2879331068569448, 4.0166989866708945e-06, 0.028235399777838194, 0.02466743999241145, 2.584432779352697e-236, 8.660744565958179e-11, 0.007334396544540832, 0.0018646663353904776], [0.33897327067926847, 0.3856979772899564, 0.1578865018882871, 3.886154668393337e-49, 4.955596058851079e-65, 5.46290373102258e-37, 1.2494043317899822e-37, 0.05282337419269026, 0.0005823586922869079, 0.018708536971135236, 7.617507004102853e-221, 0.014485853842608636, 1.346537216518778e-07, 0.030841991790044463], [0.05396992319515412, 0.025164250985966537, 6.656653718885258e-07, 0.0828125517399354, 0.22359597860590616, 0.19737797184306358, 0.026276065174561363, 0.0006703422593092372, 0.04219996023476875, 0.2522137582385518, 1.6846141365753775e-216, 0.0671119355898417, 0.028606594987036053, 1.4805341130497975e-09], [0.03168010949897538, 0.3190867866578126, 3.94944053799977e-05, 0.014673241393184318, 0.019169610581045857, 0.33833108703734993, 0.0217320205494221, 0.005980217975800135, 0.0598221116381655, 0.13333765777960024, 4.126148664995241e-209, 0.007476047078744308, 0.04867155496308887, 6.044143151556438e-08], [0.004416817553395263, 0.00013532620574573266, 1.1419554916497384e-08, 7.790942028028781e-74, 1.8547169573680633e-154, 0.0006803044996608351, 4.982434838135068e-05, 1.203264278717246e-30, 1.8329418407322592e-17, 0.010689731437009081, 0.9616566941154804, 0.0055032864906101025, 0.016868003930162898, 1.1428526949735002e-27], [0.023467390271763058, 0.016082722635463044, 0.003799309004790072, 2.2903606341163095e-73, 7.0696094716685975e-155, 0.001295083470407219, 6.129216203593684e-05, 0.0016745641130215352, 5.638251937467332e-27, 0.014287783735361069, 0.9387293319823148, 3.8015578873972113e-07, 2.1313120401381625e-05, 0.0005808293486539628], [0.7463225048004546, 4.467997673518006e-05, 0.02138909014926537, 8.395856613378718e-09, 2.253027894153733e-11, 0.006134857962347963, 0.02091161186387399, 0.0007379422231257138, 0.027845361909039683, 2.4084614797391775e-12, 5.449415577291307e-244, 0.17568663176389882, 0.0006682466563771311, 0.0002590642740852894], [0.0048811256525785225, 0.03434878937173462, 6.3194442137909e-23, 1.3314096952840491e-30, 1.1595877753737083e-27, 3.1272879156747894e-14, 5.982480456676183e-16, 0.005213183970736063, 0.03471605727096229, 4.510467418841244e-20, 6.774696259244869e-53, 0.14720500652908583, 0.7736352967764113, 5.404284623769078e-07], [0.0685942169885726, 0.026971281588680965, 3.579721783411329e-06, 1.1070436837415675e-32, 2.3188858022976947e-09, 0.0036300929825890185, 3.8147446082754156e-05, 0.00691724830385961, 7.681533579179047e-52, 0.04862797762851261, 4.309470144550032e-203, 0.5278963389806698, 0.31540919958391883, 0.0019119144564451035], [0.31124391850801786, 0.12390259352546677, 0.026187983178200775, 0.003595609458951292, 0.0027650953672364643, 0.01121400148839527, 0.0027778107376499454, 0.049800355298643906, 0.001968937566698204, 0.07506165074098259, 0.09726424334183253, 0.07902927127355196, 0.18994680613542597, 0.025241723378926526], [0.007269249125220865, 1.965833617848939e-06, 0.0036116298603834722, 0.06309804998586924, 0.03571716299544026, 0.007850300289530657, 0.06003983366323341, 2.51360110591187e-06, 0.3719596614095683, 0.4503243118284575, 1.1987346304470593e-251, 8.378799777652898e-06, 1.6012079773491832e-06, 0.00011534139982099438], [0.0009213793813117317, 0.004903911893958656, 1.9661896626270836e-05, 0.181047699364245, 0.35777816187716716, 0.10975149536284508, 0.11435725721146603, 1.9194613785364448e-09, 0.05467204670303786, 0.1684729737956553, 5.672020597292651e-240, 1.937046547411611e-07, 0.008075212974475192, 3.915094924236206e-09], [0.03680836807605877, 0.036530347776711214, 1.3727206443112039e-06, 1.6614178293865e-24, 2.8969752384505173e-38, 3.656933305083958e-23, 1.790989303170921e-23, 0.04323235765206151, 2.8287972518668202e-14, 1.6400038337046006e-32, 7.803891159534701e-260, 0.843156357954617, 0.04027022441636476, 9.714035142167189e-07]]
