HMM
['In Progress', 'Awaiting Assignment', 'Resolved', 'Assigned', 'Closed', 'Wait - User', 'Wait - Implementation', 'Wait', 'Wait - Vendor', 'In Call', 'Wait - Customer', 'Unmatched', 'Cancelled']
[[0.9959110949819705, 0.004088904979711135, 2.7712550192124805e-34, 7.287626511409037e-69, 2.911205585201627e-217, 7.041159487986669e-26, 3.658611961567972e-46, 7.458979821480692e-42, 3.832163693509651e-11, 1.0503632455346718e-123, 1.1306913449319413e-123, 0.0, 2.0494278886037525e-111], [0.007792337246566017, 0.9881887660319366, 4.842055568100109e-15, 0.0032791375009986897, 6.381156289969521e-210, 7.918156421012116e-30, 1.751149505376331e-36, 2.5443178325016117e-13, 1.5470314760962994e-35, 0.0007397592202396593, 4.0710780260868046e-42, 8.07832527000354e-265, 2.270699519967909e-72], [0.9999996556740769, 3.4432592073020623e-07, 4.594774001757087e-29, 1.0479671438858229e-54, 6.746984164716861e-212, 6.009596433128194e-136, 1.6357151696186113e-175, 1.6556708753602266e-110, 2.6968454514201016e-204, 1.820081402772938e-18, 1.862257335799279e-220, 0.0, 5.529008402508735e-225], [1.2479684171177096e-12, 0.9946082822613377, 0.0035717953723929095, 0.00018569385243336244, 7.553810390916846e-169, 7.680797734818654e-05, 1.4837372730210824e-05, 1.622106322883968e-07, 0.0015424209518372616, 1.7889079790315113e-17, 3.7891052079522584e-14, 4.525501414534393e-125, 9.266134966694322e-26], [0.05791829250251206, 5.526049995077013e-07, 1.172459711595961e-17, 2.596751502018375e-17, 2.619480627124594e-277, 0.5887702149836247, 0.07571402824943964, 0.21313377853267593, 0.04678868887222696, 2.3019289906909322e-56, 0.017674444254519285, 0.0, 8.317952624139826e-48], [3.840077824672135e-08, 0.07165412649735671, 0.0007735042363786458, 0.5774883888705086, 1.1118522178034143e-245, 0.2397659642261104, 0.023532193730745443, 0.07336671709369996, 0.009396668296622857, 3.607664882217418e-63, 0.004022398647800553, 1.8498844415874976e-276, 7.553889880232944e-58], [1.133011557347219e-123, 9.021373277610865e-126, 1.0, 2.7223482086497514e-149, 0.0, 2.4644271206309847e-123, 2.746020678730119e-113, 3.589793638864389e-125, 4.4754200670526624e-123, 3.3919474053980254e-56, 7.019436305326771e-123, 0.0, 2.218378810739362e-46], [6.870823886672856e-12, 8.63673160840336e-07, 0.008720740756023459, 0.0029713469572729273, 6.881509530040752e-242, 0.06628134830882956, 0.008378117345804167, 0.06149082167765427, 5.378545690040078e-10, 0.8506879344617106, 0.0008376856386407496, 0.0, 0.000631140636177422], [0.9992493538533711, 0.00031110233667817064, 6.837588823057574e-50, 0.00041481447585200196, 3.621687256741341e-176, 8.21787562127386e-12, 2.42096557859967e-05, 1.3488836968639446e-74, 5.196700962248649e-07, 1.0702693635666068e-242, 6.949388504977333e-87, 9.05109066082579e-279, 3.392392377938874e-252], [9.001501719727484e-110, 6.174935384373365e-113, 1.0, 1.3224158399347317e-116, 1.9388364877075917e-157, 1.9149694853279443e-107, 2.74932536702464e-93, 4.221036918081162e-121, 2.1719704263520094e-104, 1.9178365380023574e-117, 1.9912033398362206e-115, 2.3887482256302748e-275, 5.109361080389905e-106], [2.3256268719489313e-08, 3.7972386504684474e-07, 2.9181829018117786e-110, 0.0028443148442986554, 0.9968934241707934, 0.0, 0.0, 0.0, 0.0, 0.0, 0.0, 0.00026185800477299543, 0.0]]
HMM_random_11_states
[1.0487174388825923e-29, 0.15360250204223552, 0.8405795495055628, 0.0027811595276639313, 0.0018824637664433374, 0.00023519710276334542, 2.14059434597082e-05, 1.6290213198977505e-12, 0.0005257195695853478, 0.0003720025406567242, 5.514383368139708e-156]
[[0.006893479808097213, 0.032979589883550715, 2.8928691633792606e-19, 0.42471913979578435, 0.07767259851932956, 0.021575878105035435, 0.09382914863496698, 0.3396318792493166, 9.369004883129302e-13, 0.0026982860029837424, 7.153934495085413e-244], [1.0317385166471297e-06, 0.09900937183802778, 0.03451536600723422, 0.04529963692789902, 0.0038391713323278954, 0.0007044538511189468, 0.0011413661999966768, 2.818348146360948e-78, 0.815470874059942, 1.872804493504962e-05, 1.85610353831768e-219], [0.9599755199763182, 0.00013294760990781196, 0.036893896377072494, 7.478736322257118e-24, 0.0023128664465525404, 0.00031870120077740686, 1.9485383506155336e-13, 8.326212197869577e-60, 3.661492257008274e-05, 0.00032945346660732115, 1.991437974413743e-250], [2.757333226975771e-06, 1.822809022957651e-07, 1.5747638811793e-06, 0.046788535520685806, 0.001749257095453923, 1.4506417871870762e-46, 0.003965927142202832, 2.1159839944881565e-91, 0.9471484712802195, 0.0003432945834282383, 3.8977130424888795e-187], [0.0019608999889243243, 0.023668646771994616, 2.2789479619845773e-05, 0.20144457696689408, 0.16905229673329072, 0.11363913023285191, 0.39631975254939195, 5.397599011476297e-38, 0.02862032389867381, 0.06527158337835705, 1.2210000958167993e-234], [3.113599499053794e-09, 1.4315725547835815e-30, 0.0001790645604400745, 3.203900422248267e-30, 7.5722232948403e-07, 0.0274090629320463, 1.0076481102007432e-27, 3.5603135257308974e-79, 0.9724111121715863, 3.794823306566902e-27, 1.5380062147133435e-176], [4.344749021658495e-06, 2.2303053095596218e-05, 0.00012074936048401985, 0.017858251397352285, 4.844249224978867e-90, 1.2017995133261767e-23, 6.224526692029827e-09, 1.3418733043019553e-139, 0.022136898037101258, 1.2974631486022385e-05, 0.9598444725469327], [0.6746495499134008, 0.0019693067170617317, 0.05550353587242616, 0.056395749366614414, 0.03277888340213678, 0.000446476747649455, 0.0032257756292460925, 0.05463810134670285, 0.10919738209624925, 0.011195238908512992, 2.2402504050631317e-21], [6.808849507855945e-06, 0.03582974438329571, 0.0003203368339172066, 0.26456410841174355, 0.2016629854617316, 0.2845335397904968, 0.19416840820175968, 1.2688091486396727e-43, 0.01746853892310239, 0.0014455291444469202, 3.879240304269066e-260], [1.4930116914537806e-06, 7.436592967337178e-19, 9.526112571157674e-57, 1.8100609360312537e-11, 2.4992296550460804e-87, 2.847694827779193e-23, 6.00791327893596e-06, 3.6571409229983084e-119, 0.052772348300101815, 0.006152636802927912, 0.9410675139538992], [0.4042932204539053, 0.02763515361290123, 0.07724941730174564, 0.08572083788159221, 0.0381527286463361, 0.00784169439818123, 0.003972398093341268, 0.005997298460221745, 0.22234924196330177, 0.04285889090490637, 0.08392911828358934]]
