HMM
['In Progress', 'Awaiting Assignment', 'Resolved', 'Assigned', 'Closed', 'Wait - User', 'Wait - Implementation', 'Wait', 'Wait - Vendor', 'In Call', 'Wait - Customer', 'Unmatched', 'Cancelled']
[[0.95326899078252, 0.046731006689917844, 3.646779601499171e-20, 2.2957219324426078e-24, 1.1730531092923364e-225, 8.245937192870944e-102, 2.0255662312611498e-194, 3.05683763643786e-124, 7.503709485713003e-210, 2.5275636990305537e-09, 9.003910964633794e-216, 1.1056507595999633e-268, 3.6407490843936465e-253], [0.0001400945858937053, 0.6321039263314835, 1.431172175019082e-15, 0.34402156848953286, 9.235660647444948e-184, 0.015729163080319793, 9.087921821014224e-05, 0.007908603094916589, 1.5215484041965526e-17, 5.765199501996231e-06, 8.913006292096609e-15, 3.2592528976818417e-155, 1.315621460745564e-13], [2.9063434376625324e-122, 6.027528697492269e-116, 0.7871560359983999, 1.682071991096644e-125, 2.892588349157295e-287, 2.500473542799885e-114, 3.484748559372737e-113, 9.094887116334075e-119, 6.379041999787155e-120, 0.21265063697556905, 1.4165936254658405e-120, 0.0, 0.000193327026030213], [0.003387706177315297, 0.9300580926188657, 0.0006301660378031936, 0.0013542315501581677, 3.349594852323263e-177, 1.2367958967068025e-16, 5.687771444507196e-30, 0.0005599788276624704, 3.5776979379887296e-37, 0.0640098247881939, 9.406411375609821e-32, 3.096572234667341e-261, 5.450699022559193e-25], [1.6842586791915735e-07, 0.0008656199185332742, 4.6578733054241324e-76, 4.430964936265801e-33, 0.9965161474429175, 0.0, 0.0, 0.0, 0.0, 0.002356305308703409, 0.0, 0.00026175890397765094, 0.0], [0.9993557112799467, 8.414806160346184e-18, 2.628348052937353e-41, 0.0006442887200461782, 8.424558019235751e-216, 4.565848717412126e-16, 5.1299757831086844e-15, 1.3794545504643435e-41, 5.748565270150348e-41, 8.653940124402249e-131, 3.1937913030447624e-115, 0.0, 8.213700467030404e-134], [0.9924851279724533, 0.004508498759514542, 1.1765320585382082e-06, 9.942284753661962e-06, 1.3191584287470016e-164, 0.0024237601281552204, 1.1607099445993225e-05, 0.00015030711567049152, 0.0004095801079498809, 5.479736894244372e-129, 1.7344723792846727e-44, 9.204572470732072e-281, 2.3617119566826083e-127], [5.39884189813268e-08, 0.009488844771187827, 8.024567177250139e-12, 1.3844608070152433e-08, 3.943617580460213e-282, 0.6263161995208316, 0.07769838157839154, 0.22682647073766765, 0.04317057808530208, 1.9766930627706147e-09, 0.01649945539157522, 0.0, 9.729748270288592e-11]]
HMM_random_8_states
[0.8839262020088843, 0.0007800242684521592, 0.0002130004220189147, 0.11332247865093181, 8.460365841691928e-269, 7.061163469212351e-13, 7.276819986991818e-08, 0.0017582218808068761]
[[0.01867036134309401, 0.000642666843268614, 0.00044486957685909096, 2.68410753616569e-06, 9.331212849839645e-283, 0.03710915352090962, 0.9431302646083315, 2.861471798808767e-16], [0.020689900783722445, 0.026177173222948973, 1.7563703681633306e-05, 5.507017990853249e-15, 5.452014942619557e-220, 0.8395504577275898, 0.11356490310550063, 1.4565507487881479e-09], [0.00034158485402546, 0.011833056945257018, 0.0007498562053089785, 0.006668334799742318, 0.9437611180699644, 0.005475260266346183, 0.031170788859353624, 5.121637077684421e-56], [0.0289940761463966, 0.0005684247248504071, 0.0014542798007019097, 0.104511983465587, 5.075088314267931e-216, 0.5117613179409365, 0.3509812530666594, 0.001728664854868061], [0.1004850590934441, 0.07497005944425225, 0.021122993441464104, 0.06612031052082563, 0.0938151208039187, 0.37857395007139766, 0.2496620171958129, 0.015250489428869383], [0.0005310456148264391, 0.5641864552578671, 0.09668803450169557, 0.0002546348504326733, 1.3211171361635905e-255, 0.0002494577555297294, 0.00010628020672098428, 0.3379840918129253], [1.8224699908132464e-15, 0.10839107315243081, 0.38642752624465426, 0.3316305691511459, 3.140963582534822e-217, 0.03241092964208605, 0.0018501573300695765, 0.13928974447961173], [0.002349495673540475, 0.17295562538193684, 0.31882862689851815, 0.03616159478893531, 8.845794888112937e-183, 0.04305944680619086, 0.28797920758359524, 0.1386660028672844]]
