HMM
['In Progress', 'Awaiting Assignment', 'Resolved', 'Assigned', 'Closed', 'Wait - User', 'Wait - Implementation', 'Wait', 'Wait - Vendor', 'In Call', 'Wait - Customer', 'Unmatched', 'Cancelled']
[[1.9308179678409238e-119, 1.4360398455916844e-116, 0.9999999999998871, 1.2812416023397727e-133, 1.2650924856781862e-266, 4.4398072908086246e-110, 6.791325537266946e-104, 7.91348732547041e-121, 5.544536644787581e-112, 9.908850533234627e-76, 9.037056133089093e-107, 0.0, 1.1293188104177854e-13], [3.7437946566060064e-29, 0.164991844096574, 0.009140944377071358, 0.03258868570753023, 1.1007230605386736e-287, 2.371533149010784e-07, 1.625247213230827e-07, 3.041072923032079e-11, 0.0009721352132026128, 0.7923059908971735, 6.361748751013479e-136, 0.0, 3.948997083717825e-197], [0.9997602665543107, 1.0040942772155761e-27, 6.154449297126598e-42, 0.0002397334456911246, 1.1917054649484406e-170, 1.1599191152380657e-54, 1.867743196491874e-60, 2.4031925946055713e-68, 6.0330647347358e-66, 5.897766571938095e-106, 1.807201822004524e-73, 3.5770144557337e-310, 2.2612952888853493e-89], [1.4727844497914437e-21, 1.4141159747892757e-15, 1.5037840148723972e-75, 0.002868075655207077, 0.9968700724739035, 0.0, 0.0, 0.0, 0.0, 0.0, 0.0, 0.0002618518708888636, 0.0], [0.08057406931685389, 5.877214809188754e-12, 2.263669481254727e-14, 0.0012374659689468172, 6.313625474517773e-300, 0.7347225513967761, 0.0829911690253768, 2.390299086697809e-06, 0.0752150082269747, 5.7181311883695795e-77, 0.0252573457600828, 0.0, 2.638917104909885e-16], [0.0048382268733007825, 1.3748027073959942e-05, 8.966287293792399e-12, 8.523665535084016e-29, 5.629830382202139e-245, 0.45000366085191335, 0.0687236844652105, 0.46786561266044957, 6.213422985666489e-19, 7.731179201562998e-14, 0.008555067113009187, 0.0, 1.0539813931393319e-107], [0.002340602902418643, 3.911874730028717e-11, 2.6446067168426203e-14, 3.3294843250845355e-20, 0.0, 0.5599256384146464, 0.06766041595070606, 0.33160733017336497, 0.02783307846270895, 1.736800766168901e-67, 0.010260359534998787, 0.0, 0.00037257452201304816], [0.002237249284103379, 0.9941967560764126, 2.3342818362462237e-36, 0.00224299215065086, 3.7236869487583387e-206, 6.806840126732836e-31, 1.3585634547414014e-51, 0.0013051309951907111, 4.098586092143331e-54, 1.7871493640828964e-05, 2.224316685652167e-53, 9.834283314938983e-243, 1.312170439646297e-69], [0.9999999999999417, 5.956530208930454e-14, 7.177593698571613e-97, 2.1884357084061222e-69, 4.655176069631903e-276, 1.4731239805036164e-183, 2.093329347748185e-258, 1.4569864131048894e-136, 5.216374339705158e-264, 1.0473146233187178e-43, 2.794928358089969e-267, 0.0, 5.6435937252284705e-264], [0.9995445781401858, 1.6057136313251437e-15, 2.5652767314356376e-61, 0.00030046765288609806, 2.8373150617687987e-178, 3.95903324854722e-21, 0.00015495420692503633, 3.569209826454469e-75, 3.548544175495974e-17, 2.0745471075520955e-210, 1.1996500924907992e-95, 2.8227904748232e-310, 3.7860824512299063e-190], [0.9951384538624983, 0.004155565513576853, 9.507794542547441e-14, 0.0007059806238307637, 2.6017727269418638e-163, 4.184070037913722e-33, 7.575748984129167e-31, 3.952052500841499e-70, 1.4620535286200665e-18, 9.78782793805293e-160, 2.3879272775926857e-83, 1.9409698329985774e-216, 2.802057696931253e-231], [0.9957242051787888, 0.004261688851184569, 2.2123144455078884e-14, 9.356507534216496e-85, 0.0, 1.5142272778262105e-19, 9.287201996084014e-106, 6.218186912625663e-59, 1.4105970007805668e-05, 2.599961457574178e-157, 6.2012107838167315e-152, 0.0, 1.924795274756734e-221], [4.425638527400807e-07, 0.9999386355984814, 5.345510745721364e-10, 1.1696294740872298e-05, 3.216056847221645e-155, 1.37222502666423e-10, 1.1440166700979111e-08, 4.920935019243913e-05, 4.080790639829015e-09, 1.5548951738891659e-49, 8.980549220773226e-16, 1.4434362985831148e-121, 2.559672681236854e-39], [0.00016115601264705024, 0.04006960812868498, 3.4675169533786277e-07, 0.902414830678889, 1.0844774227500548e-303, 0.04480990298061247, 0.004847895139054372, 0.005472406761463107, 0.0006208703950121114, 5.812203075715491e-105, 0.0015952263870408097, 0.0, 7.756764901304401e-06]]
HMM_random_14_states
[0.0003962920424553714, 0.0002451084342086272, 9.931651829890515e-14, 5.768306533653852e-162, 0.001493927246956751, 1.1993257565149496e-26, 0.0004243034685285439, 0.15530697340000588, 0.8413602011760143, 1.5959369421080998e-09, 0.0005487731842586664, 2.613159598338032e-22, 4.525365776160143e-06, 0.00021989408575983857]
[[0.0007508499273114685, 5.704934906398461e-40, 0.007561202314566363, 0.9535676678246222, 3.4086371610499993e-76, 4.312401062167752e-76, 1.7281724888500355e-135, 0.00326906261559053, 6.041302038057421e-20, 0.012203857703428016, 0.008981971441888788, 2.080267162146271e-15, 0.013665388171366201, 1.2230136956293816e-12], [1.9671091790551324e-11, 0.03324081929440079, 0.059893644548920114, 5.454927445294324e-26, 0.009453451340961835, 4.877127077750718e-15, 7.877231822470238e-16, 1.3979997124407756e-05, 0.000866613057974628, 0.5977619911949497, 0.29801428094794236, 1.3697868287633607e-05, 0.000741521729756504, 2.953355908969713e-15], [0.00020211328754240503, 7.660216557960294e-34, 0.014098448329372395, 5.821901921446445e-240, 0.0025782838423653873, 3.697879312560605e-07, 0.0039770992609644805, 0.004759879547921924, 0.00018453646263594378, 0.006396503936324682, 9.138403024978323e-07, 9.530244298673795e-16, 0.6203641998785732, 0.347437651826067], [0.011104112161834873, 0.005122178174162197, 0.37709424732521296, 0.10232762129384608, 0.02367080989820758, 0.00409171374561005, 0.0039233065207126055, 0.02221487257086573, 0.04669078525053583, 0.12201353887993265, 0.13928968268110986, 0.030518651388485776, 0.1076609815663827, 0.004277498543105483], [0.5434203790817845, 1.707663772212737e-38, 4.478257042074814e-07, 3.9400933754900054e-221, 0.14918081367047034, 1.578962810777565e-14, 2.879189613582256e-05, 1.0631466098451563e-05, 8.55518883484741e-25, 0.03524136665248691, 0.1248608299729183, 8.598965202787293e-13, 0.12151782483339316, 0.025738914600131158], [0.17592456419767805, 1.27734491004578e-40, 2.2841404622239213e-08, 1.2499148892794714e-247, 0.011145984729141049, 0.09762629311644308, 8.546838859390321e-14, 4.15791841822793e-07, 5.81443699388294e-18, 5.289861365348793e-06, 5.854309994746494e-05, 0.49788809369448395, 0.21735079266760907, 3.988466036974559e-20], [0.21675330845380242, 4.238341230780338e-39, 0.0038093495364534113, 7.071646342072047e-235, 0.06390384941150454, 3.2229463392349046e-07, 0.08737105459874324, 0.0017940127622377542, 1.5778088027289993e-24, 0.25869953087417663, 0.12747659246614865, 4.7170949912385926e-08, 0.168338069260818, 0.0718538631705329], [6.45867036010037e-19, 4.5517373697352004e-41, 0.2896037653777307, 2.5661766110251273e-239, 0.005354737059226444, 3.231450408622021e-18, 8.181740720177442e-16, 0.1130800884014754, 1.989610756029008e-07, 0.13552488047463013, 0.43085735721087465, 3.2235778805643e-15, 0.024989090182928483, 0.0005898823320548517], [7.781726224168801e-13, 2.828817824057237e-31, 0.0018107180112004447, 1.364285159835539e-234, 0.0018863263042388436, 1.0076027182108974e-61, 0.0005913347550348837, 0.00034445468966830966, 0.011271286880993475, 0.007584622568227403, 0.07270476382211806, 0.9033113725713937, 2.9448532410615306e-14, 0.0004951203963170033], [0.20544618708235549, 1.1116365672420813e-35, 0.004089623131312204, 2.713178248781617e-251, 0.14215892465323232, 4.662514834397453e-06, 0.34472802660303126, 0.0013312340592605033, 0.00011846897071879181, 0.0143710247592864, 5.837873496070952e-06, 1.5381447546092807e-15, 0.17491139519308124, 0.11283461515938845], [0.6972084385473901, 1.6889983318787978e-19, 0.0892655708116235, 1.0255705125383964e-232, 0.0002474660108242043, 2.6306472246123142e-06, 5.4259229514747224e-05, 0.1391208487599576, 1.3363788066968507e-10, 0.0006418354115721393, 0.0014410180449156865, 8.277549308580791e-09, 0.06979047952983719, 0.002227444595953274], [0.0401834692318396, 0.4131302353546517, 0.0167219888624383, 4.1193371586206756e-235, 0.033041379555891884, 0.06582892966112533, 0.03882077498677488, 0.01180785508532674, 1.7378251846633242e-06, 5.491934088722828e-10, 9.364696300618749e-07, 0.012970585159573311, 0.36644204842118805, 0.00105005883718179], [0.0039050674052587254, 1.105000567939057e-43, 0.4586484181139898, 1.635040427966844e-265, 0.0015964976446123426, 5.313963134642727e-29, 1.0903850446857493e-21, 3.308131757304741e-06, 1.2009082727661129e-14, 0.4824106047954056, 0.000255516300630046, 2.5111423536861465e-14, 0.05318058760830594, 7.64198745544044e-42], [1.7944475339002522e-35, 8.10360902934753e-68, 0.01220037135618393, 7.851739878568204e-219, 5.7343055570632756e-08, 2.98389778591924e-51, 3.9958892537466735e-37, 9.795073562145202e-39, 1.0503357248669465e-13, 0.9551386596438994, 0.0036979136057546966, 1.8337151365218385e-13, 2.1912083585874826e-35, 0.02896299805081818]]
