HMM
['In Progress', 'Awaiting Assignment', 'Resolved', 'Assigned', 'Closed', 'Wait - User', 'Wait - Implementation', 'Wait', 'Wait - Vendor', 'In Call', 'Wait - Customer', 'Unmatched', 'Cancelled']
[[0.9962649413101533, 1.4455727119509599e-12, 9.65003790485561e-18, 2.567072847385426e-24, 2.3056088445833674e-146, 0.0031464275926191662, 0.00022283865654593098, 5.671307011381746e-43, 0.0003657924392356873, 8.753791664969997e-110, 2.796844144499897e-46, 2.0824582039327785e-212, 1.6389873620262806e-143], [2.266999357710701e-15, 0.650420484837289, 2.8929315614726025e-05, 0.00022684649803867446, 3.8869328323013435e-209, 0.02608111351550338, 0.002674683159374152, 0.02134483594617328, 0.001453604212535537, 0.2977695025154687, 4.230148275658477e-60, 9.479523859982959e-284, 4.0868461426854244e-50], [0.00826534502397131, 0.00015185235737907326, 1.177519179153575e-42, 5.853985469938976e-44, 0.6370849334362403, 0.23568196007018793, 0.025449635579959995, 0.0671481006087395, 0.01883572528335456, 4.895271959870884e-70, 0.006717952272828905, 0.000664495367338988, 2.1188882682106e-43], [0.9469751699449578, 0.053024830055042736, 1.5954796406734179e-115, 1.3559344275410602e-65, 6.687023018348014e-152, 6.960163711346378e-73, 2.461129495548723e-174, 4.181271685964624e-109, 1.0692317940230282e-210, 9.380950297592984e-118, 2.021301906803939e-245, 3.917062771922016e-225, 2.3344913274428334e-243], [1.8025908071149902e-17, 4.328216214703659e-63, 0.9146553720379822, 3.4790983849933423e-41, 5.8392264627669785e-87, 0.03868622233238235, 0.009242327536432022, 0.032524044822585745, 0.0040011191214745, 4.5836934321695127e-32, 0.0008909141489776941, 1.2093900577394457e-265, 1.6379228533993123e-13], [0.9924026402603919, 0.00502116493176827, 2.2880539887828406e-19, 1.3328592446614255e-82, 6.044190710405529e-199, 0.0021438621819736994, 1.2582751336549683e-69, 1.8269247561685244e-60, 0.00020829145857220561, 0.00022404116729203108, 4.24659014558209e-87, 0.0, 7.72898827737597e-120], [0.0022943341001265224, 0.5394028786535099, 2.8032087688326602e-06, 0.26422263504136634, 1.0762873698259774e-14, 0.12805658090743124, 0.01479523869680828, 0.04220423012801882, 0.006383094184785151, 2.3444168237464483e-18, 0.0025159351292078406, 7.451382878630105e-67, 0.00012226994996423392]]
HMM_random_7_states
[6.009208678716325e-11, 0.09910827302435753, 0.00038654306698080815, 0.8955385661585397, 0.0006932380725449049, 3.022025940901344e-17, 0.0042733796174847525]
[[0.023647246298382184, 1.2152056126164295e-05, 0.14038210209586074, 1.0576412020087969e-06, 0.22793654540260327, 3.1072761767180976e-11, 0.6080208964747529], [0.8320690716436274, 0.0825349175950275, 1.040901261294094e-18, 0.015192662166032503, 0.0022724040454789158, 0.06110693616417339, 0.006824008385657811], [0.02905716868195649, 3.759286562538816e-05, 0.007745707972337044, 0.0022696552436264916, 0.6163279738074047, 0.03597258795549897, 0.30858931347355184], [0.042915638263914827, 1.5049727054112523e-08, 2.0691729801152527e-36, 0.020830034140921435, 0.0005689407960011986, 0.9349967011476885, 0.000688670601746144], [0.024307019676505073, 2.6834115046048146e-08, 0.9544141622875179, 0.0001276451858219826, 0.001129315398717778, 0.00017544506626868513, 0.01984638555105537], [0.00013192567489272232, 0.7782927488991057, 0.054518700193970586, 4.568012398252505e-20, 0.10845666761838053, 0.03269107788041653, 0.025908879733231117], [0.9175405002296888, 1.0034193996587072e-14, 4.377863491373477e-46, 7.890289665625907e-07, 0.006357156816106791, 0.0005121336305683681, 0.07558942029465902]]
