HMM
['In Progress', 'Awaiting Assignment', 'Resolved', 'Assigned', 'Closed', 'Wait - User', 'Wait - Implementation', 'Wait', 'Wait - Vendor', 'In Call', 'Wait - Customer', 'Unmatched', 'Cancelled']
[[0.8831812342293563, 3.5887178227842284e-22, 9.870946259367594e-24, 1.5684491194759611e-09, 2.4106259080389873e-227, 0.08540500462848478, 0.01641168561057113, 5.328408574153991e-05, 0.013875469207587766, 4.506809625931949e-171, 0.001073320669807353, 0.0, 3.9862108481782696e-92], [4.070143453666865e-121, 4.475610790452479e-124, 1.0, 1.2026311638496e-135, 1.9216509753424886e-278, 3.023711037554479e-118, 4.824971691759849e-113, 1.592568389276287e-122, 3.694893089133454e-123, 7.879744283697362e-57, 4.8189004730975675e-121, 0.0, 2.010346071606872e-34], [0.00034874781336310175, 0.3879409221824415, 9.491458812608196e-11, 0.6088236737589879, 2.3829628694222886e-213, 7.067345007733684e-06, 5.596619860280036e-06, 0.002585438671359263, 3.949040063956941e-14, 2.3866253871300183e-92, 6.818514888427683e-21, 1.8899551135578764e-197, 0.0002885535140245517], [0.9999999994290596, 1.9861344660563695e-26, 4.730810799414242e-45, 5.709406079264869e-10, 9.1298195501351e-229, 8.510796683603693e-32, 2.7943488827964795e-54, 3.0249874477970335e-86, 7.762163031862256e-70, 1.2270139073794898e-167, 3.669418563445475e-111, 0.0, 2.8408756459125552e-148], [0.9954408963436949, 0.004359154429606482, 5.506748614126094e-38, 4.0208569820278636e-88, 0.0, 1.45199148509674e-19, 1.6284248496367242e-98, 0.00019994922669731431, 7.1299824828069235e-25, 7.088893652442691e-115, 2.379544579851444e-103, 0.0, 1.3281337745551438e-202], [5.9223048610332955e-05, 1.6531872466201965e-07, 5.1699824247485216e-06, 6.585380755666852e-07, 0.0, 0.6317988029508348, 0.07296688621127131, 0.23931458422758736, 0.03949923558384759, 4.448752193314459e-49, 0.01635527412856632, 0.0, 1.0058986272977266e-11], [0.001358560196002938, 0.9976129797415682, 1.6654937666807815e-18, 0.001028460044029388, 1.368139053791303e-169, 9.738870246795813e-29, 5.917497437504291e-40, 1.84012087912102e-11, 3.0058078514079857e-43, 4.179646320069477e-17, 2.5771750403836714e-54, 1.6963311551989927e-174, 4.429650848407942e-75], [0.9999999999991228, 3.53855239062191e-17, 3.831306783821102e-40, 3.405031945974832e-49, 2.4627479770732414e-231, 6.818547180663523e-160, 6.593812091013683e-212, 1.5613795307177533e-151, 7.976168477173333e-248, 8.771993816980924e-13, 1.763399485341437e-225, 0.0, 0.0], [0.99985236878486, 0.00014763121505735448, 1.8893960382386082e-27, 8.260507306442222e-14, 1.7852162278458267e-164, 2.894871488493601e-42, 2.2668307063718528e-39, 2.1391406120423974e-77, 2.6774132856320207e-42, 2.1854806434124537e-132, 8.52345887414333e-95, 3.6097094301364606e-235, 1.5938219042325538e-112], [5.836062242942686e-25, 0.591283969512251, 0.0038760641855940404, 0.000521581908655477, 6.018837612001832e-289, 1.8363999911280997e-10, 4.958321034369849e-05, 0.0010740915496840688, 4.093516019912609e-24, 0.4031947094498329, 2.640324738109553e-57, 0.0, 2.8230437084775353e-185], [7.459959942989525e-11, 2.3599962062086884e-06, 6.436948444996488e-110, 0.0017508477726154083, 0.9979846475157806, 0.0, 0.0, 0.0, 0.0, 0.0, 0.0, 0.00026214464079742073, 0.0], [0.9989675644890018, 1.0694013898977996e-19, 2.1095520022449274e-50, 0.0010324355051650636, 5.130173269818118e-159, 5.832428684387713e-12, 3.5490585260585554e-26, 1.2225249408118864e-77, 6.881239675727348e-39, 2.4008530292626193e-203, 1.300568561182202e-111, 0.0, 7.471065354965852e-189]]
HMM_random_12_states
[0.0007044162893688417, 0.0003951806316218424, 0.000813199731649666, 1.4201799483586979e-12, 8.321164224689938e-34, 0.0016220508726492817, 0.15442622788763735, 0.8413879844572901, 0.0002030493210872159, 0.0004478908071396607, 3.767435761601289e-189, 1.3568248662039935e-13]
[[0.010036589513392603, 0.5070540631230854, 0.010907290747238077, 9.897090205328859e-05, 2.005065771925169e-06, 0.3312277200609781, 0.11283396622950075, 3.072716808461063e-11, 0.019414557686641323, 6.365212436960007e-05, 6.907394553511801e-212, 0.00836118451624161], [0.0008541115336633494, 0.0007332307260461884, 0.002082068945293558, 1.8086855825952346e-06, 9.42389767158437e-11, 1.539402941737584e-161, 0.01591006645152707, 9.586186889618628e-06, 0.010571320856551852, 3.7608613002972943e-16, 0.9518598013548375, 0.017978005165369407], [0.012588548589238333, 6.1164176219159476e-09, 0.022000561623015814, 0.48553374563504664, 2.1488338779290095e-13, 1.3763864419748278e-18, 5.4419761383592175e-14, 9.758368152722442e-08, 0.0006822097216618947, 5.21944757666841e-29, 4.483795685083394e-221, 0.4791948307306665], [0.03339579320841548, 0.06264019725897424, 0.2709375502076857, 0.00157484875286046, 6.981282851442193e-09, 0.5049184322213611, 0.1130214626925429, 1.434730424649434e-06, 0.012008066353696995, 5.855174172961215e-16, 4.896574222401443e-230, 0.0015022075927561454], [1.3562613580383438e-15, 0.08166053592726161, 0.01977283502269555, 2.328499174053725e-07, 0.0027205419142141665, 0.12294421305239822, 0.007756386815765364, 1.3356734363651294e-23, 0.008199269563100532, 0.7569459839572169, 1.3838062971136724e-227, 8.97429374665938e-10], [0.2809253031701192, 0.299303156113636, 0.08850812866297007, 0.01458426442763084, 0.05998614101235548, 0.09822468533369401, 0.11800851702308882, 7.96354664010136e-06, 0.010516880587428805, 2.5129469802602642e-15, 3.4836226557268717e-208, 0.02993496012243517], [0.015425557804105754, 0.0062315741538497334, 0.00029887595678749644, 0.06173515236237685, 4.80428553319185e-13, 0.0008677444143714588, 0.08291700902619488, 2.1197421275135986e-09, 0.663026701253252, 7.40146449596846e-18, 1.4396413958544546e-232, 0.16949738290883945], [0.0178933733962317, 2.1679527233065422e-16, 0.0007004634302634338, 0.0016669096883551008, 0.9245863170247214, 3.5665421243910094e-20, 4.489500640546958e-21, 0.0359700955922207, 0.008074981803700648, 8.620850462667006e-36, 1.6604900876138185e-236, 0.011107859064506544], [6.247356088381537e-14, 0.13975392708556794, 0.4134384367859505, 0.008022978953204725, 1.4448978113991551e-07, 1.2512235954673978e-05, 0.39985687703290795, 3.0410900738156125e-18, 0.03891246907287497, 2.5496453464119424e-16, 1.6125188613689555e-225, 2.6543436947594934e-06], [0.022111827829691955, 0.0007529301233618931, 1.034640640437965e-09, 0.362520055155823, 1.0429989973165204e-06, 1.5742710942361668e-23, 0.04650250120000371, 4.8962728933882686e-05, 0.3542106776782258, 0.018988461047157165, 1.6854883873162856e-50, 0.1948635402031656], [0.06625479818613127, 0.014606392308587039, 0.027373761777353123, 0.09474282811625277, 0.2775827631016857, 0.0014437172502107614, 0.07709764502993972, 0.06919947097497972, 0.11071761257354923, 0.012087392031470261, 0.08380047398029598, 0.165093144669546], [0.0011040787392144348, 0.2830281186332818, 0.14783010321319265, 0.00876195664044507, 3.8472781464492177e-10, 0.4287791023404113, 0.12857140621900764, 2.622976438157392e-09, 0.0010115577923111945, 9.226926464334314e-16, 7.87701804250364e-229, 0.0009136734144294736]]
