HMM
['In Progress', 'Awaiting Assignment', 'Resolved', 'Assigned', 'Closed', 'Wait - User', 'Wait - Implementation', 'Wait', 'Wait - Vendor', 'In Call', 'Wait - Customer', 'Unmatched', 'Cancelled']
[[2.407520160621309e-58, 2.480945481610464e-62, 0.99999999998542, 1.3981205107698835e-52, 1.2728939307527623e-252, 6.034149178998551e-61, 2.408497674923887e-60, 3.112161739568432e-56, 3.0366383133960797e-61, 9.472423474045223e-12, 4.270370506694244e-66, 0.0, 5.106976794617507e-12], [0.9996104997860893, 9.751753788227433e-05, 1.665430682714339e-106, 1.4658428175382196e-58, 1.3246128104509174e-188, 3.979832470837681e-135, 1.6445088067494826e-186, 3.1057962131003367e-178, 3.278124246517216e-188, 0.0002919826760298592, 2.6702225510843095e-182, 6.129971403192121e-271, 7.418527684880059e-263], [5.646120116309737e-17, 0.0020275472732630417, 1.4230221489901151e-116, 0.0005819811778418773, 0.9963512525110738, 0.0, 0.0, 0.0, 0.0, 0.0, 0.0, 0.0010392190378211983, 0.0], [0.9999078741091096, 6.71025874752995e-10, 4.326756563921291e-31, 5.9656243774979226e-09, 7.682098579506298e-195, 4.0252094588860514e-05, 1.744258541034447e-30, 2.4963598841411876e-103, 5.186715964911451e-05, 5.4448713882835947e-48, 3.309005570657911e-110, 0.0, 1.5747474924348246e-147], [1.5492058618262608e-12, 0.22262083256430676, 0.0001637881555769069, 0.25609916094382723, 0.0, 0.08344166874699757, 0.007499942915889232, 0.048979570388019956, 0.0026183052032333087, 0.3782718545954896, 2.2993797216627956e-05, 0.0, 0.0002818826878949732], [4.4745874314380266e-141, 1.7457330511579774e-139, 1.0, 3.962446366517157e-132, 1.6290023124960388e-275, 3.8819996465496005e-134, 4.12984225810216e-137, 3.947676751299184e-136, 7.908680579363255e-139, 4.729413282561735e-21, 6.021365756592887e-137, 0.0, 7.891005672146944e-22], [0.07469518440275737, 0.000102106025436155, 4.452989140292128e-15, 1.0499002279037392e-06, 0.0, 0.5823708833089072, 0.06998777306816015, 0.21091822619238262, 0.046482989963463964, 1.7442557532203172e-12, 0.015441787135020457, 0.0, 1.8966516854574683e-12], [1.578422418175477e-09, 0.6686946409621621, 2.814934614089019e-06, 0.2076121763750542, 2.9528295034365234e-187, 0.08884603629526448, 0.011083824712042748, 0.017072110301941838, 0.004581806784044922, 3.1963154532011483e-10, 0.002106587736735944, 2.4068482177421958e-178, 8.480602967125413e-14], [0.7912570064612979, 0.2087427860925973, 1.560511883239295e-144, 9.91922785541338e-97, 8.225550603207899e-170, 2.5933806832992118e-155, 2.4617378169699097e-205, 3.667717368749238e-92, 3.916166392615419e-198, 2.0744610494583553e-07, 5.932796261864634e-218, 3.8289259129534447e-275, 0.0], [0.003880012943072087, 0.9908800253536427, 9.247496198933288e-22, 0.005121597190122348, 8.58229699264024e-186, 6.643383482993547e-21, 7.093027119633399e-24, 0.00011836451314946379, 2.900202264893999e-25, 1.3491848254211666e-14, 6.891975877874679e-28, 4.344068559814249e-237, 1.8089345953248946e-31]]
HMM_random_10_states
[0.0003971405876147521, 0.6476611897486431, 6.558802156043573e-229, 7.440902545381044e-15, 1.0823051466218006e-09, 1.0831243088431116e-13, 0.0021084919771964653, 1.646622809376472e-07, 0.25204366547081347, 0.0977893464710303]
[[5.077328517241939e-15, 0.01020819236400037, 0.7672031077678408, 0.1006316980685948, 2.3569373514929496e-20, 1.5966244672044522e-06, 1.9949300660122577e-85, 0.08773945978634583, 0.0002786482051518806, 0.033937297183593444], [0.00039880393251954046, 0.0020304736004586894, 2.655656018106644e-251, 0.9940235607662271, 0.0008691233590299718, 0.00010318790852928337, 0.00257423117668484, 3.889502616470989e-24, 2.0810235371724285e-11, 6.19235738149155e-07], [0.01196365335803216, 0.05599531636736437, 0.08356075416676711, 0.6839195954306149, 0.0010377863382295936, 0.010576707606206878, 0.007197248766700304, 0.034209962224188505, 0.057453657942584294, 0.054085317799278124], [0.01880834067194642, 1.042823151213592e-12, 6.451129024731708e-245, 4.051711033304939e-05, 0.23002981029014785, 0.15356240524367842, 0.18135811770186214, 0.3194899051224879, 3.820722887884396e-08, 0.09671086565127174], [8.624287163340406e-09, 0.028233221651567535, 5.09896601004468e-55, 0.9441864673279349, 0.026326389668961187, 1.0307305251795278e-05, 0.0003944100085134025, 0.000712079977158406, 0.00013711543610601566, 2.1891083704924392e-13], [6.385676068854631e-13, 2.162834396606315e-11, 0.9696449707408917, 0.025140412642604207, 1.334735014920018e-21, 0.0010885078614655476, 2.37102243941877e-92, 0.0039862515320753895, 1.2661819978009048e-11, 0.00013985718803536458], [0.022424097243823393, 0.00029865905665135743, 1.6802684316979745e-236, 0.06465582122322985, 1.0450636656143391e-12, 0.4018568856503986, 0.1772729627008656, 0.28638117007115566, 0.00018181210954949033, 0.04692859194328319], [1.8261320845822914e-08, 0.0061441318888970356, 3.0267235054084036e-222, 0.9711931747408863, 2.6831993939250333e-18, 0.0007371260832985803, 0.0017437087780898422, 0.01699775790780077, 0.003183960652634202, 1.2168707227192343e-07], [1.8191575315707697e-12, 0.1650084332632616, 1.7347289334717955e-250, 0.8192493706532271, 5.2731735252642456e-08, 2.986708736771879e-12, 0.0021277927642336138, 3.792316381525014e-17, 5.5802522653980295e-08, 0.013614294780215794], [1.5649741673601676e-09, 0.0011382739244660083, 8.844652127589308e-230, 0.8056167505375766, 4.3566810794086236e-31, 0.010724318830104341, 0.003621184509769591, 0.0007209117732615612, 0.01475357051978847, 0.16342498834005914]]
