HMM
['In Progress', 'Awaiting Assignment', 'Resolved', 'Assigned', 'Closed', 'Wait - User', 'Wait - Implementation', 'Wait', 'Wait - Vendor', 'In Call', 'Wait - Customer', 'Unmatched', 'Cancelled']
[[0.004755901480862796, 5.852399758059691e-05, 5.865220173202023e-12, 0.0009671437704273927, 1.1205632950076844e-272, 0.6396157439632504, 0.07582844491354754, 0.21774953286678983, 0.04557847944825608, 5.344781293945579e-31, 0.015446229553420013, 0.0, 9.70224665009109e-45], [8.390578265495868e-120, 1.4245791165236975e-124, 1.0, 1.8380242077224222e-126, 1.8678494527175957e-248, 5.2682443591844496e-117, 7.146853251106013e-119, 7.806470963100048e-122, 3.626358608367762e-123, 5.080355055318981e-43, 5.630970876546271e-124, 0.0, 2.5605457119687843e-45], [0.9952931082916192, 1.3740471538741114e-05, 8.781069630037916e-33, 0.0003200235573848236, 3.604342291342416e-181, 0.0034301066417166282, 0.00045448395960319247, 1.293295777044818e-70, 0.0004885370781378553, 6.5303502017439065e-130, 4.324891046226195e-79, 1.5812609240064982e-305, 2.58231375476041e-192], [0.9999999999999294, 6.90716500603528e-14, 1.5681179589099327e-89, 3.058901503673824e-44, 3.411510976387626e-306, 1.650982321449584e-122, 2.2965651344072854e-192, 7.990470201382253e-133, 3.6820606794526934e-221, 3.9779299074930555e-21, 6.797991368209994e-272, 0.0, 8.954037870427027e-218], [1.3421387270593023e-06, 0.0639761736631716, 1.0665309475084382e-05, 0.9359373127243719, 2.538742269064625e-180, 2.2589382883587473e-07, 7.424319182264136e-05, 3.6592955900560563e-08, 4.856471347643969e-10, 2.427200116560611e-36, 2.3975050614535767e-19, 3.557641119786334e-175, 9.639675420276894e-34], [6.502058782330828e-20, 2.1175481901703888e-05, 0.0031143247448492707, 2.6364737513245566e-12, 1.954402067048688e-192, 0.057307271131119254, 0.00511055569218215, 0.04922385914401983, 6.683407962586247e-22, 0.8845636651280352, 1.523951352849277e-90, 0.0, 0.0006591486752532375], [3.0187282949446366e-10, 0.9995703456453028, 0.0004274434664006287, 1.7143617397697779e-06, 5.1381067521547636e-141, 7.076279901106008e-10, 4.94577653131156e-07, 9.393998238848328e-10, 2.3944740074926385e-21, 1.7155629230384877e-23, 1.2824610081802213e-29, 7.212279480121043e-153, 5.653919384264661e-28], [0.9977513644757843, 0.0022486350182254937, 4.3977337496968213e-13, 3.430331820242605e-87, 5.950188183381295e-270, 8.833668163915611e-13, 1.976290534272031e-86, 5.467441061445473e-90, 6.729448306274655e-11, 4.373697811045419e-10, 2.9416323259276246e-137, 0.0, 1.3327854155638908e-112], [0.07388103243405214, 0.9251805987915559, 1.126168153006622e-63, 4.159868110566571e-24, 1.511240960260067e-153, 1.0395908498963216e-95, 2.5149216695636163e-116, 1.0368015739312111e-50, 4.702688122887221e-132, 0.0009383687743899502, 5.974769624781036e-131, 4.45888202659203e-290, 3.0887846224580996e-167], [0.9999999905071264, 9.46610009902139e-09, 1.8261087835655846e-39, 2.6772070126572587e-11, 3.507529595403551e-190, 4.9248269638689715e-29, 2.4940522049895162e-57, 2.4689850724706583e-111, 1.0482330132115765e-32, 3.502719194539632e-97, 2.685325513147566e-128, 1.5865528963e-314, 1.8729212102451795e-159], [0.00027316137192441017, 3.2802733051940003e-07, 1.9749432822605458e-115, 0.0025280822732991607, 0.9961594093867561, 0.0, 0.0, 0.0, 0.0, 0.0, 0.0, 0.001039018940690228, 0.0]]
HMM_random_11_states
[0.0021921701178378673, 0.00039708689656302846, 1.3268667233646325e-08, 0.8365487143036071, 0.0004280377465576331, 6.874871367950383e-06, 0.00012001433015301969, 1.9311423835660903e-27, 0.1603070884635283, 1.7178502603950985e-12, 4.0454046139293507e-178]
[[0.14536744198214735, 0.31748000705767254, 0.3140596324088429, 0.0012750427186051033, 0.057129107575795694, 3.1766813764152553e-52, 0.15665827315994557, 0.005774397560882306, 0.0021624465771518555, 9.365095895765123e-05, 1.4995276460944734e-222], [2.3865777392124545e-124, 0.0009872904134481456, 0.019658943472107466, 4.1948969697745935e-12, 0.0008613538983475241, 5.786366699843841e-97, 0.013789348003102829, 4.8129092410293214e-08, 6.982995709124862e-08, 0.01132668691432501, 0.953376259335425], [0.4459726362759982, 0.32202954001153633, 0.023493654131192292, 4.0922148604491255e-10, 0.04930477742880665, 2.067716793735613e-17, 0.14683427734164667, 1.1542404619404956e-08, 0.012348395285067664, 1.6707574126474814e-05, 4.577229281511564e-234], [0.0022875781097048986, 0.00047328102748115454, 0.015391751347232103, 0.045140089597794184, 0.00046367006522227713, 0.00023571001335850704, 1.3647985580499326e-45, 0.9189355478733302, 8.200487786315852e-20, 0.017072371965874696, 4.153000534340497e-222], [9.287585539924218e-28, 4.067157335353543e-05, 0.8117932383110122, 2.487267494962035e-07, 0.03126144828949265, 1.0320427823169588e-100, 1.0559391900005898e-23, 0.0011386948911038758, 2.1620089112661183e-20, 0.15576569820828864, 6.415107561701511e-189], [0.007413958186808696, 0.0001374542599745121, 0.1641489770812985, 0.04568442661244755, 0.00027590443004949893, 0.05028950234218404, 0.05655491256968947, 0.6213637415885012, 0.01152569790886773, 0.04260542502017559, 1.8315987993680415e-21], [2.5833249920097666e-09, 0.004470310481157462, 0.3973472169026032, 1.4484802881084108e-10, 9.430167991881143e-29, 4.0739015238735505e-78, 0.05105278612144036, 4.388771453982519e-10, 0.0001272453345690833, 0.5470024379931787, 1.3303142529865576e-193], [0.08590054722630724, 0.0943760207387558, 2.2282432892349747e-10, 8.998094753166836e-26, 0.008626789354801377, 0.3472690222169207, 0.46170203213595845, 0.0006910773051016554, 3.162168576760427e-06, 0.0014313486307522328, 4.624552806646381e-233], [3.987933690724139e-05, 2.020996666453567e-36, 0.3824357358497253, 0.029286736849493705, 0.001079736598146863, 2.4076200220400187e-51, 0.026662863984124284, 1.7541073199060587e-09, 0.13060771878679062, 0.42988732684070347, 1.026505713808486e-235], [0.06042083468314665, 0.041247663559661904, 0.001362634805572347, 8.9170687630254e-13, 0.3459247812045562, 7.954275563923369e-34, 0.514933422329395, 4.918657489496547e-09, 0.008408144428041008, 0.02770251407007682, 3.588785249117061e-235], [0.014882470152733642, 0.01881162265578648, 0.2392137627869643, 0.010144392400106853, 0.018891864860835272, 0.012829014489255015, 0.08950449221934988, 0.14796045967284152, 0.06448590819118032, 0.30073209552947583, 0.08254391704149476]]
