HMM
['In Progress', 'Awaiting Assignment', 'Resolved', 'Assigned', 'Closed', 'Wait - User', 'Wait - Implementation', 'Wait', 'Wait - Vendor', 'In Call', 'Wait - Customer', 'Unmatched', 'Cancelled']
[[0.9956090902386725, 0.004037534803615319, 5.030350330031971e-40, 3.6297769147463465e-14, 4.270714993876595e-165, 3.1538190910859163e-12, 1.643253920848992e-29, 3.3049540219040743e-94, 0.0003533749545199778, 9.142248726047285e-110, 1.8901389540744942e-107, 1.5264442243172535e-278, 1.8165660826618258e-213], [1.23697092626038e-05, 6.610964949721413e-15, 0.008121830151946863, 3.623461666951863e-05, 7.2038591498014974e-245, 0.7863732799136878, 0.0327133317598008, 0.1489151227277298, 0.01795526678424619, 1.0911520552554697e-18, 0.005872528300431063, 0.0, 3.6036217919927305e-08], [0.006596626141200713, 0.9926572719347366, 1.576054857095093e-26, 1.2287036574862698e-07, 7.596023950303678e-225, 1.6014986281295994e-34, 3.944936350457155e-40, 1.360623759303382e-07, 3.14781806328239e-40, 0.0007458429913215495, 1.806272741270521e-52, 4.125596825930708e-223, 1.3353593425818095e-72], [0.9967659759310455, 0.0030496425554342827, 1.2718805350523727e-08, 9.608484803661194e-77, 3.006438386122718e-272, 5.164413565163285e-37, 2.3291451028991616e-123, 4.280083348070918e-138, 3.8920225778970426e-44, 0.00018436879471536545, 1.8409139841544574e-178, 0.0, 6.810683430889461e-181], [2.2849404627530554e-08, 0.9999999376707361, 1.148618027426826e-11, 3.899462865919316e-08, 6.563796868786617e-184, 9.701867593292886e-14, 4.736081131204577e-10, 2.1511147353667766e-14, 1.944919725994906e-14, 6.255105738718624e-33, 6.515210015785626e-23, 2.132897321122743e-169, 3.5305170233909425e-41], [1.3137784712061125e-16, 2.388816955323675e-09, 2.390802807086381e-90, 0.003052165753832207, 0.9959090740226466, 0.0, 0.0, 0.0, 0.0, 0.0, 0.0, 0.0010387578347041948, 0.0], [0.9999999999998725, 1.2707222970062277e-13, 8.612940567328071e-135, 6.230557448297459e-100, 1.291879892319138e-258, 1.5064151640565203e-186, 5.007284859282284e-261, 4.719048467801458e-173, 2.5379493836505527e-296, 1.934316689247061e-33, 1.3538291460353218e-303, 0.0, 7.142946855046359e-305], [1.6928775733253916e-124, 5.221711273833988e-125, 1.0, 2.404723917511821e-134, 2.0119730650231306e-291, 8.493661030867133e-121, 8.552120769998595e-126, 8.322885679538647e-131, 4.950511646258491e-128, 8.640894041739913e-43, 1.141517223767888e-121, 0.0, 1.5205762276426678e-29], [0.00027008158475139046, 0.005269686745675418, 1.3266569174616286e-13, 1.6926736998166213e-09, 7.892754460132765e-304, 0.8256194407456365, 0.044966951385739994, 0.03484123866467553, 0.0650610534122745, 1.4666380914172513e-39, 0.02397154576843918, 0.0, 2.9486750145886755e-53], [1.0, 4.902542204618582e-28, 8.369899390799974e-35, 3.8030796401584126e-44, 3.6419331842477904e-224, 6.47941627882618e-43, 2.422919300184059e-46, 1.4687976418072254e-148, 2.642671319128143e-50, 5.036347659689997e-111, 2.1455823824134345e-160, 0.0, 1.9683511009367095e-214], [0.9998338254751847, 5.195836190517796e-52, 9.002407810988333e-24, 2.9582624989330696e-31, 1.207928472859415e-158, 0.00016617452481693391, 6.54846164641742e-22, 7.463427869598916e-21, 2.6320069060391333e-24, 3.4679439558459507e-157, 9.241736959252754e-67, 1.716233608e-314, 7.071909459618011e-167], [0.0019011628242158328, 0.01050173809904124, 2.19178725293086e-10, 0.9781525548660689, 5.532006803883494e-260, 5.608662507961568e-07, 0.009266507900885075, 0.00017518617232515187, 2.289018215942815e-06, 3.1007331158639915e-53, 3.3816398948037304e-11, 1.281395956111668e-240, 2.3794263294682188e-83], [0.016348319583164926, 2.2278539428727092e-05, 4.6857735762169026e-20, 1.191446989453714e-08, 9.143886178925938e-307, 0.026011315818971335, 0.12302741953377712, 0.8197955545975886, 0.008638495887844365, 1.003847204847731e-39, 0.006156604124754796, 0.0, 1.632774842790436e-73], [2.0015918468168483e-14, 8.96553793233802e-10, 0.004321519617908813, 8.499195305215517e-07, 1.7084593677156829e-301, 0.06316969140109356, 0.0069425869781543, 0.04257246791797321, 1.9902396027093988e-11, 0.8823349601778522, 1.8742475013271735e-95, 6.432963989569519e-292, 0.0006579230710137359], [0.13609856311874868, 3.764721520336249e-05, 0.00820736965252447, 0.01035219514033845, 1.2787454951999373e-239, 0.6773571901041802, 0.09883040414073434, 0.0024170102603558144, 0.057392994620910485, 4.6887042541071887e-51, 0.00930662574700438, 0.0, 2.5543745100188753e-69], [0.999142710422481, 4.338817236389889e-09, 2.3099568765794565e-28, 0.0008572852387017612, 1.2036063738558606e-162, 9.195237877592342e-45, 3.9697627505951195e-69, 4.251212942592562e-56, 3.304516758307752e-48, 1.0150142456991001e-50, 1.8008321190617817e-70, 0.0, 1.3527601242522978e-78]]
HMM_random_16_states
[3.921961915269694e-05, 9.504782613942493e-105, 0.14374848840867213, 1.1179757922857688e-05, 0.00671424304258193, 2.514700439723395e-248, 0.8461576959583146, 0.00025092519284693936, 1.0291453768162662e-41, 7.146850076456606e-17, 1.7688472152876326e-14, 0.00020122324687258473, 0.0004012003081349412, 6.676198931148865e-08, 0.0024757486074426893, 9.096051512850061e-09]
[[0.01411765523537963, 8.043330202709055e-06, 0.14141162289796658, 1.1420554732497362e-18, 0.17311094518368336, 7.824265994788324e-254, 2.16253589346734e-09, 0.39943269683394855, 0.03639298899172167, 0.01589368058792112, 0.00030737170556975396, 0.17705200799855775, 6.121991642262507e-09, 1.3127986212396033e-48, 0.0008360472616227074, 0.04143693168889776], [0.12306871879183978, 0.038415140929290596, 3.6260691352272585e-05, 0.00495005648350705, 0.005669067470225898, 2.4717270452266322e-189, 1.7510294209830675e-08, 6.0685510133228356e-05, 0.00021286855465132553, 0.009714442580686624, 0.6871906648531485, 0.07707564445279144, 0.04860260701217205, 5.003977587741394e-51, 0.003655847709174382, 0.0013479774507316339], [0.8137004238405261, 6.207417091136162e-38, 0.08397601052203035, 1.952212181860951e-18, 0.045091908300612646, 6.190073756117979e-238, 1.8093827869377301e-12, 9.038522972179533e-10, 1.1414840190710677e-16, 0.012432232198293949, 0.007876915980586097, 0.0009885690447253301, 2.6176245189836437e-83, 2.3581232095720484e-120, 0.0031601688357363587, 0.03277377037182777], [1.029958194843725e-07, 7.418465310324732e-15, 0.051951310328660474, 0.00634085595053625, 0.34843611892702864, 6.739702641405568e-247, 0.0003354472813083801, 0.09446661606642814, 0.033034326288138786, 4.671030472456241e-14, 4.233498312206217e-07, 1.9507089049621044e-06, 0.022104838708193787, 0.3825272961938988, 0.02096359052467032, 0.03983712267652753], [0.17310908866779495, 1.2360674083003515e-22, 3.7646642732508537e-10, 3.941634935805498e-17, 0.043129961288889296, 2.378599067976468e-294, 1.0628573921651642e-17, 0.00289037773899954, 6.764743480633522e-10, 0.6190728632332401, 0.0045924314289977385, 2.8834255206244077e-52, 6.8818613208920505e-81, 5.872744128976984e-114, 0.0021802675915684705, 0.1550250089975693], [0.12094967894138002, 0.002349291101488326, 0.014217869472144125, 0.04529379824544901, 0.08776654735553141, 0.09353373111164856, 0.04194206049211388, 0.00912862691421681, 0.003325042265022834, 0.16352076204149044, 0.19201378135031158, 0.0010445613858098947, 0.0017328628679894563, 0.0013576478398626547, 0.013635902489399302, 0.20818783612616146], [0.01254084023672226, 1.8256505700609145e-31, 3.412115863569827e-13, 0.8673635426046836, 1.9068493943202397e-09, 1.236212420417945e-257, 0.005760484814690791, 0.00026854897694320913, 5.688394342341265e-49, 0.05768809520740113, 1.0958199042862276e-05, 0.0004637577543492739, 2.123503895235424e-87, 6.268896858616469e-05, 0.0028653950447370172, 0.05297568628565405], [0.008500553000151323, 1.5770680955965392e-150, 0.0046056550218242665, 2.1316982638091556e-16, 0.00906159918261209, 0.9559991133318233, 8.382851735581065e-15, 2.8980402603308515e-09, 6.285498034484304e-119, 0.006795670227339241, 0.006539020956042769, 2.9711949543969473e-06, 5.525515927630288e-121, 1.1530643732285205e-147, 9.686543787811334e-70, 0.008495414187203476], [0.038366136340034926, 0.005071165699609876, 0.0013145201322259407, 1.8209762702352798e-06, 0.19904589158672542, 1.7334137893600438e-239, 3.000055827226542e-26, 0.4445300471982031, 0.012079725265435659, 0.0002565581620026922, 0.197390528918501, 0.06597702725077001, 0.000303926215050051, 4.421019541939249e-70, 0.008731972921512718, 0.026930679333657562], [0.0010670088614295773, 0.0005267497153202168, 0.026425728692319315, 3.441969792145446e-18, 0.23171250115434522, 1.4205197373599964e-256, 2.055473122287725e-05, 0.04083635629679042, 0.2481055373582112, 0.004099573043262307, 0.004494908884183042, 0.26015644764200396, 0.13114121901282286, 3.495176240483593e-35, 0.05138477443534939, 2.8640172740852465e-05], [5.653460306382958e-07, 0.28733377888032074, 0.00011192709456499302, 2.873798288419e-15, 0.06500868399049167, 9.191149681300621e-258, 0.0012038945500337803, 0.4879876002982941, 0.11973357508837267, 0.0013989924176774768, 0.013799698937231394, 0.00013731597814485704, 0.009838376981659326, 2.8731632741015432e-08, 0.0024782118871001985, 0.010967349818443094], [0.005292357407833148, 1.6686429191502563e-80, 1.799173025827177e-58, 0.0011447488434734397, 1.6124474994072029e-46, 5.0613006141939877e-244, 5.925381188453855e-08, 1.2858373592417893e-07, 6.208063819850396e-18, 0.5798236119149439, 0.3718512904717934, 0.032508814756816815, 3.4327477366600796e-113, 3.254617911098962e-152, 9.578264625107012e-13, 0.009378988766632032], [0.0057415228740875165, 0.05083030281303663, 0.006377048104673695, 0.00032142134467035087, 0.21455390785140352, 2.990696027013297e-243, 2.403430082278955e-26, 0.2250379084873637, 0.1484442980005782, 0.06567443894843357, 0.0802360325463215, 0.05027629796684953, 0.04409836185830276, 1.2843678996766818e-56, 0.03835477515621971, 0.07005368404805987], [0.1067604857736963, 5.644035223266079e-07, 0.0003895607848847355, 0.6007602601862437, 0.018168062329516857, 2.318164131173393e-15, 0.00011124118047873957, 0.004158344745956612, 9.458822673973435e-06, 0.00022742720818425297, 0.21135565605935897, 7.151646204647183e-05, 4.978537540048772e-07, 0.051933517282758176, 3.1761082897664166e-05, 0.006021645824026024], [0.0038322223493406694, 0.0023025485625486125, 5.505040000315111e-07, 0.007812119469811545, 0.12746051762790103, 1.4899566423464054e-188, 6.488081451025418e-08, 0.38996886844989365, 0.09474427495682683, 1.4607721231366202e-12, 0.0016780588523189332, 0.00011474884088512086, 4.825577953084582e-11, 2.5483275669797872e-54, 0.3720576572689002, 2.836818704275967e-05], [8.004072479340724e-07, 3.511952326235237e-08, 0.004873796886239161, 1.4963653891175854e-14, 0.9491021339826294, 9.425404794825364e-255, 1.8467792079858881e-09, 0.02367660633573812, 0.00015831539141028953, 1.4761373446405503e-06, 1.2608226203091506e-09, 0.0004682355393494491, 0.021659720994058558, 2.733159921556945e-35, 5.2147459797100375e-06, 5.3661352860890524e-05]]
