HMM
['In Progress', 'Awaiting Assignment', 'Resolved', 'Assigned', 'Closed', 'Wait - User', 'Wait - Implementation', 'Wait', 'Wait - Vendor', 'In Call', 'Wait - Customer', 'Unmatched', 'Cancelled']
[[3.791853196366113e-12, 0.9982564802793487, 2.646312898321564e-07, 2.7521379493435314e-07, 2.585513908288602e-171, 3.158765558981913e-07, 0.0001472799805710108, 0.001163577840450503, 1.4859099311720713e-24, 0.0003295887629447716, 0.00010221741125098668, 7.737428367941647e-155, 5.529447351864714e-33], [0.24815746689553111, 4.825679045188167e-23, 1.5003161177963901e-32, 2.0590961336384274e-41, 5.860020375766304e-227, 0.5389571769497212, 0.07311591851433756, 0.08610565457212033, 0.04328662941591877, 2.1847293108917715e-93, 0.01037715365236942, 0.0, 2.2337017728284021e-85], [0.9979690816850285, 1.2688667762958966e-31, 2.4963523133526854e-34, 7.835157085859439e-40, 6.30646216591279e-207, 0.001846394121066595, 7.678823490615578e-40, 5.690611504361109e-66, 0.00018451933722512333, 4.856677986894901e-09, 1.5947245837036122e-89, 0.0, 1.1649882226187976e-214], [6.331845142759215e-11, 9.367682260194238e-06, 0.00018297245785029982, 0.0014720085348262943, 0.0, 0.42575339908121573, 0.04126385644580568, 0.18256225720958985, 0.02689785552896626, 0.3112930683862193, 0.01056521460994708, 0.0, 2.2963205730415843e-17], [8.838877375951247e-14, 8.440243034385073e-11, 8.849862052026373e-79, 0.003328894660409155, 0.9956326357523599, 0.0, 0.0, 0.0, 0.0, 0.0, 0.0, 0.0010384695027404016, 0.0], [0.9939362403377617, 0.004002565814400271, 9.12946868743893e-44, 0.0011485904521734527, 2.301752387222451e-159, 4.923286510830019e-07, 3.2344906802244634e-16, 1.1344335334686054e-69, 0.0009121110670150433, 1.0007682103141736e-139, 9.676108430609282e-56, 8.581757416626994e-214, 7.661175260728368e-163], [0.999999999996955, 3.752061031676251e-42, 8.263819908997018e-56, 3.0450649365552765e-12, 3.6641783228589295e-196, 1.5814273887649283e-57, 3.0358394630554216e-69, 4.9610050972189955e-118, 1.603651071137254e-73, 9.817752231684995e-185, 1.6136438544974893e-125, 2.0313843652603476e-290, 1.7644865517805736e-152], [2.644600485146818e-121, 6.21559154822475e-124, 0.9997555138231764, 6.935547954825175e-132, 4.253090099045684e-257, 4.059512277560973e-107, 1.192220394280932e-109, 1.708232115558493e-114, 3.1475009949246608e-117, 1.251871071942812e-39, 1.3928880112716344e-104, 0.0, 0.00024448617682356374], [2.806853441687653e-07, 0.029372337627709647, 9.942662624430019e-12, 0.9384735252072095, 3.4989123676627346e-224, 0.0016285520767283812, 0.009783812089058845, 0.0204577287304385, 9.111264780540844e-06, 6.609800117301422e-52, 0.00027465230878889946, 1.0132218989962409e-220, 6.515053472047025e-66], [0.995207201544932, 0.004402667115448738, 4.6899294337530603e-38, 0.00016226665763342473, 2.8588110206307765e-180, 7.764946936778662e-33, 4.930306050336577e-59, 7.10716686472601e-84, 1.0854919661653184e-35, 0.00022786468198587935, 4.383717202088558e-90, 0.0, 2.4772103397078985e-140], [2.4785417775404992e-06, 0.9984341245700916, 3.109339504966183e-20, 0.0015532796344705203, 4.490190108230129e-186, 4.960857980818281e-20, 5.187360383309879e-25, 1.0116436739649788e-05, 3.0602325670966616e-34, 8.169217657816162e-10, 8.469362734824357e-31, 5.431148670017424e-168, 1.4191312897015182e-76], [0.9999998655452067, 1.3445479308884845e-07, 3.7487118376895e-132, 4.5460550300723756e-95, 3.6975008530454493e-259, 3.609013702885049e-127, 5.018671351817945e-219, 7.053727105545809e-144, 8.238427806270813e-229, 8.590008537233295e-41, 1.0772911911562554e-218, 0.0, 7.2665378703628795e-273]]
HMM_random_12_states
[6.763237601418204e-11, 0.0018702231461955293, 2.2054581775397548e-11, 0.00087244787906675, 2.6133873451978395e-215, 0.0003897461450894647, 4.823940377051349e-05, 0.00039712917471013744, 0.00023453242495825237, 5.4021752132851095e-11, 0.14948722092828595, 0.8467004607542147]
[[0.040104427873429674, 0.0010570816249430464, 0.24648382801007365, 1.6688956322630558e-34, 5.6076446573765255e-186, 0.00014784278403511198, 0.44712283200833297, 0.004501561098646512, 4.2645496134020344e-38, 0.2605823708008328, 5.5789208893679155e-08, 1.049855926315525e-11], [0.15095489656637284, 0.2484521033662437, 0.007240089690830803, 0.02759082630800099, 1.0004470128523821e-252, 0.027262212934115394, 0.005857623149699223, 0.4721391198258983, 0.03985198417320195, 0.0197228645058633, 0.0008929976162515883, 3.528186352183946e-05], [0.1621049894551544, 3.6762595367961675e-05, 6.163800967486298e-07, 0.6302216197831026, 4.751401293525213e-260, 7.600188973664345e-07, 1.4600420101638586e-14, 0.17471209687823577, 0.021944283264695087, 0.00048735916083340197, 0.010491512463386348, 2.1284421407379385e-13], [0.1437015550323334, 0.15035200809271376, 0.22730944526353036, 0.020123927008127773, 3.449013947781214e-61, 0.11677892897361983, 0.002364759340360511, 0.23783357239063596, 0.06193493450333241, 0.02374431570400621, 0.01583644044934398, 2.0113241994707356e-05], [0.06714620593516105, 0.1286311122676233, 0.1433868770251433, 0.006627086234275085, 0.09677159332371668, 0.02752441241679566, 0.08424189202990669, 0.012038550434804613, 0.006623525536547121, 0.34523593087451665, 0.042851516597822166, 0.03892129732370643], [0.01514667953307024, 0.0115576863583806, 3.224613060694373e-06, 0.0001728532454862343, 5.143536922674176e-260, 6.876550178181629e-10, 0.0188541630006479, 0.7558367296751375, 0.006779353270271272, 0.040785903714784306, 0.150846590360042, 1.6815541465219254e-05], [0.17475487493565237, 0.24276175582726714, 5.984941121407318e-09, 0.007062198468542372, 3.487562458464028e-260, 6.224854927273464e-10, 8.920077426514864e-07, 0.04643572351312462, 0.5156966112196371, 4.105637525561375e-08, 0.0132878798897289, 1.647450496753542e-08], [0.00741675403555629, 6.281272473834281e-15, 0.008090274531553109, 5.174205030647849e-132, 0.9523095934840237, 0.009805904436933535, 0.003375118111108719, 0.0009145064566891392, 3.018580111425863e-05, 0.01141642609141124, 0.006307008967267085, 0.0003342280843370445], [1.0069583203066745e-34, 3.643196759406549e-05, 0.6224440554786552, 5.999527647353655e-52, 1.1684729808135606e-238, 0.09875924340579867, 0.21088025388674572, 7.542171478110875e-13, 0.03229293894475221, 0.025956855402549994, 6.545223348158562e-41, 0.009630220913148914], [0.6309182566921445, 5.731551903803515e-06, 1.7546931968824754e-08, 0.0870019240891376, 1.7078194460406142e-257, 4.800522926922288e-06, 1.7395125847388626e-08, 0.009064175571492902, 0.011212577854554031, 0.04406814633189798, 0.21772435244388436, 7.32117886521382e-18], [0.024248663313923915, 0.005918584601933781, 0.010740238969599723, 1.0332871977069396e-36, 3.0035963790900955e-261, 0.4209462392935812, 0.21568792930361022, 2.0427611304299494e-09, 0.00035664271372057196, 0.23552931891948423, 0.086315878802795, 0.00025650203859106093], [1.958366781440552e-21, 0.0005353354496818433, 0.574805228744565, 1.9040421499267737e-05, 1.0935236098510455e-254, 7.508184948510262e-05, 1.3409114544956848e-05, 2.178041926049308e-19, 0.00044672184752111917, 0.397766338540545, 1.2921940507995516e-18, 0.02633884403215664]]
