HMM
['In Progress', 'Awaiting Assignment', 'Resolved', 'Assigned', 'Closed', 'Wait - User', 'Wait - Implementation', 'Wait', 'Wait - Vendor', 'In Call', 'Wait - Customer', 'Unmatched', 'Cancelled']
[[0.8246729633256386, 0.17300333962086714, 0.00020635326045822676, 0.00022387712572548987, 3.209763366801404e-210, 0.0015155265317154053, 5.673499132588926e-191, 0.00018908365115007168, 0.00018885648444560272, 3.687699131467804e-179, 1.8009880325275418e-196, 1.107516768722051e-274, 3.386064322404953e-229], [0.9997799997619244, 8.062480927674537e-34, 5.777647418752752e-64, 0.000220000238074073, 1.4353347490527398e-82, 5.276916752223613e-31, 1.1786817109121016e-137, 1.3318741007445747e-67, 2.6156670280531443e-110, 2.2938635036351886e-174, 1.338403070650807e-142, 9.753254685826457e-303, 2.7008598966711427e-181], [6.866525880828571e-09, 0.7246660943010245, 0.0006118446667746394, 0.0001258029727110749, 1.3654196361382285e-161, 6.480317767952577e-07, 1.902731018378695e-13, 1.0570379839963838e-07, 3.5023744754450003e-22, 0.27459549745720135, 2.562447576889556e-17, 1.0760418958417425e-101, 8.28328835996416e-115], [0.9859912775083002, 0.012308443534181956, 1.00157599738828e-11, 1.0360588220938211e-58, 3.751626136065157e-11, 0.0012245422940989543, 8.578135584527747e-85, 0.00047573661588790896, 2.425825651859894e-58, 6.31766812817571e-94, 1.4059804732714127e-76, 0.0, 9.161362059666616e-126], [0.9999999999999977, 2.3544747793200406e-62, 8.708713148463443e-44, 2.6622417122052758e-15, 3.5190426382172835e-81, 7.15881520492762e-20, 2.5138917098279735e-65, 3.578156219035905e-55, 3.9598966078748304e-69, 4.37543752033312e-170, 7.927443023637305e-99, 0.0, 1.023918245994051e-201], [0.9324950364165439, 7.900112063368218e-32, 2.2673760765636017e-24, 3.638394100374831e-30, 0.000493331352342865, 0.05472841442807474, 0.0034798122048255607, 1.659611918890038e-16, 0.00880340559821407, 2.8422260079073268e-155, 1.195814587273382e-27, 1.2668890083268486e-303, 1.748682970754402e-147], [0.00021381885088513647, 1.2195868791249955e-06, 7.125208088440817e-09, 2.003506203269734e-17, 7.869397687450844e-270, 0.4300185387989108, 0.09437969726411553, 0.42241575687882404, 0.03612384789014557, 4.192344528616028e-33, 0.016847113605029853, 0.0, 6.624657013936649e-19], [0.0006727321106964193, 7.561849875258091e-10, 2.5168425264202984e-11, 0.0007576651034573328, 8.957799993440403e-236, 0.8201460558009765, 0.05397434970562798, 0.06283577872419685, 0.04371796961849528, 3.460887941415813e-39, 0.017895448155193068, 0.0, 8.060613599819068e-37], [6.589375522122707e-10, 0.045393289372449123, 1.5545242404479274e-11, 0.9251553551800241, 1.0857779094330808e-157, 3.78658485880181e-12, 0.005667070727115193, 0.023450405041078638, 4.485743452788453e-14, 5.8337970316191556e-61, 1.995740796435455e-17, 9.411018871974821e-135, 0.00033387900101769383], [1.8296654986805696e-08, 0.9938197275211089, 0.0028441129395136424, 1.862230906320622e-07, 3.34360380604211e-166, 4.743416742940205e-11, 1.0432391772580261e-05, 0.003325522580419446, 9.069147193425493e-22, 7.920418658809815e-60, 1.2121535766372803e-21, 4.630171442158965e-239, 1.5518051342849788e-18], [4.9885724153752195e-08, 7.427288645987173e-18, 5.276705910376203e-118, 4.534188430716459e-07, 0.9992901053935976, 0.0, 0.0, 0.0, 0.0, 0.0, 0.0, 0.0007093913018357492, 0.0], [2.9791349600743317e-127, 1.4300334325835806e-127, 1.0, 8.645351895865085e-135, 1.3018626924887755e-267, 1.7314605640703987e-126, 5.063940213304451e-128, 4.1917548210674124e-129, 9.038904676545854e-128, 1.096638222099643e-40, 3.7565889547817537e-126, 0.0, 2.02185436499639e-44]]
HMM_random_12_states
[1.0, 0.0, 0.0, 0.0, 0.0, 0.0, 0.0, 0.0, 0.0, 0.0, 0.0, 0.0]
[[0.031009216073423055, 0.10879122287169858, 7.526212280335744e-09, 0.7731277582219594, 0.01808539087936842, 0.04949844758717925, 1.0239452843372055e-10, 1.8973607789472053e-52, 0.000174486730577976, 0.018723464287973154, 5.221902995832933e-75, 0.0005900057192139648], [0.0009429984979402854, 0.01728532979666141, 3.9836096861396385e-06, 0.00029241641471566165, 1.0144690270025927e-07, 0.0028833830238465838, 0.11723492119747747, 0.1022037995448222, 0.2506797050725501, 0.4008870714299716, 2.780506576062689e-293, 0.10758628996542546], [0.02357248713289746, 0.7825821556917957, 0.04468976333328685, 2.671864952561719e-05, 0.09654006742537555, 0.04877681657671602, 2.626494280723754e-53, 7.575876622208465e-43, 1.6472529506166255e-11, 0.0026738288552984103, 1.7394930061590973e-71, 0.0011381623186358801], [8.455878928902622e-18, 0.00855627714818903, 0.7679546426295207, 0.035926120782222994, 3.778719418336643e-20, 4.384382701799607e-15, 0.09656703236274877, 0.001702594081349699, 0.014934385092808478, 0.0005238582493640862, 0.0, 0.073835089653793], [0.0021393399387661226, 0.01054801399840139, 0.0005465048247284786, 0.0012331214248579034, 0.0229387951406089, 0.006774143653842554, 0.23885458409397903, 0.4077398143800205, 0.018124477827066176, 0.07322573834703917, 5.526e-320, 0.21787546637068975], [0.00039565666589555303, 5.502774984283417e-06, 0.001624351123513364, 0.0041817600549253035, 0.00017942109224657285, 0.010211998612704285, 0.006108208021378296, 0.34183587604747184, 0.02162507464108144, 0.114249840471582, 4.9945e-320, 0.49958231049421997], [6.739691062336037e-06, 0.0033590927703361917, 2.2931009124218048e-08, 0.15534660579179366, 0.0042666546639564045, 0.09015833184785371, 0.07466704435319572, 0.16473884633148914, 0.053102257398724304, 0.24799829058760664, 0.0, 0.20635611363297177], [0.009024117461220234, 0.02271317023832991, 2.8686606802957034e-09, 8.823892903163288e-05, 0.019412953234102557, 0.4224909511347265, 0.017129191754851607, 0.00048697303748079085, 0.06515145986945721, 0.09440551621778637, 0.0, 0.34909742525435267], [1.3967416595365178e-06, 0.37389472670741075, 9.221499427780398e-43, 0.000950025606912119, 0.5823311995648144, 0.012241912215939817, 2.1041714639297435e-76, 1.7942984555153439e-47, 0.03058073916325966, 2.064436174989393e-37, 2.1752458258983646e-268, 1.0475730360218983e-15], [5.4427634733184936e-05, 0.9324006834692252, 9.597559665992149e-05, 1.2559565662109069e-06, 0.007640600731634136, 0.0009329225960484893, 6.992549526829309e-64, 2.623813398495637e-80, 1.2442247814553294e-42, 0.05477037286002463, 1.459492434173106e-140, 0.0041037611551046965], [0.07746526382192111, 0.06848139277616219, 0.05463694554507574, 0.3986533187003516, 0.021978157112791184, 0.20076433985120523, 0.005471618704528322, 0.010013095092777657, 0.025817296152586686, 0.05918270472292541, 0.0755080207138576, 0.0020278468058187167], [0.0011414897319979639, 0.016452670387461614, 0.00044713496985281976, 0.002125279437466352, 0.0006968970023818169, 0.011128617596331034, 2.5944023450005702e-194, 9.382551620170799e-189, 0.004488124373083183, 0.0183584334131811, 0.9440502627436526, 0.0011110903445916717]]
